0,25.118629455566406,2.4180104732513428
1,13.887164115905762,0.6811318397521973
2,16.979982376098633,2.4523231983184814
3,28.482595443725586,2.634852886199951
4,19.106718063354492,0.7058489322662354
5,21.92818832397461,1.9618725776672363
6,12.980895042419434,0.6588406562805176
7,32.18171310424805,2.7049410343170166
8,20.634475708007812,1.2167117595672607
9,27.009260177612305,1.7931005954742432
10,24.32789421081543,2.870123863220215
11,11.966169357299805,0.7903668880462646
12,10.588343620300293,0.8488295078277588
13,25.370256423950195,1.3038103580474854
14,27.07794189453125,2.9210429191589355
15,32.675689697265625,2.250272512435913
16,19.560184478759766,1.7734661102294922
17,32.3218994140625,2.3541860580444336
18,11.247961044311523,0.5196402072906494
19,20.22863006591797,1.4456734657287598
20,25.215667724609375,2.5684032440185547
21,14.958097457885742,1.1421923637390137
22,18.187530517578125,1.004798412322998
23,33.7871208190918,2.9744136333465576
24,19.480613708496094,1.5700280666351318
25,21.10294532775879,2.0721631050109863
26,18.885452270507812,2.498382806777954
27,26.33631134033203,1.8130474090576172
28,21.657442092895508,2.4387924671173096
29,14.143611907958984,0.5808937549591064
30,23.367982864379883,1.5776336193084717
31,17.274263381958008,0.8737561702728271
32,28.950510025024414,2.686039447784424
33,13.133018493652344,0.31847047805786133
34,13.671759605407715,0.51943039894104
35,23.601884841918945,2.6727046966552734
36,23.311372756958008,1.368168592453003
37,17.702533721923828,1.5814008712768555
38,18.048004150390625,1.2338767051696777
39,32.49200439453125,2.9513072967529297
40,8.311986923217773,0.32712531089782715
41,12.938719749450684,0.6730983257293701
42,31.895112991333008,2.414806842803955
43,16.967689514160156,0.9779102802276611
44,23.52989959716797,2.7763583660125732
45,29.59226417541504,2.2554426193237305
46,26.28839683532715,1.8424127101898193
47,13.972307205200195,0.6049845218658447
48,9.913839340209961,0.4389655590057373
49,25.6521053314209,2.3948936462402344
50,23.545387268066406,1.7909276485443115
51,25.205663681030273,1.2463643550872803
52,19.61913299560547,0.717404842376709
53,19.306501388549805,1.0119907855987549
54,21.79853057861328,1.9439704418182373
55,23.37378692626953,1.5939078330993652
56,21.643583297729492,2.678966999053955
57,14.648396492004395,1.3410000801086426
58,13.019119262695312,0.8397200107574463
59,22.123319625854492,2.133867025375366
60,10.55823040008545,0.3069915771484375
61,29.34026527404785,1.7162518501281738
62,29.428890228271484,2.311565399169922
63,26.670324325561523,1.8753993511199951
64,34.33401870727539,2.478846788406372
65,18.21495819091797,0.7280938625335693
66,18.339086532592773,1.3040592670440674
67,31.794662475585938,2.915792226791382
68,14.70527172088623,0.5670602321624756
69,20.931961059570312,1.3206307888031006
70,18.149980545043945,1.1838738918304443
71,27.50204086303711,1.2689251899719238
72,12.729451179504395,0.49491071701049805
73,14.836384773254395,2.220759868621826
74,26.019060134887695,2.4240894317626953
75,25.11222267150879,2.4677951335906982
76,22.56501579284668,1.248175859451294
77,19.122291564941406,0.8499734401702881
78,28.783361434936523,1.8560776710510254
79,15.462965965270996,0.5453147888183594
80,15.44182014465332,0.5695886611938477
81,21.953365325927734,2.319718360900879
82,28.36791229248047,1.5999350547790527
83,22.268142700195312,2.0151517391204834
84,16.800487518310547,0.758392333984375
85,21.000648498535156,1.524843454360962
86,10.257243156433105,0.6152596473693848
87,20.096303939819336,1.6517891883850098
88,27.304218292236328,2.488985776901245
89,18.320585250854492,2.272300958633423
90,28.345857620239258,3.0921337604522705
91,19.122661590576172,1.395843505859375
92,23.679485321044922,2.0434656143188477
93,18.531494140625,0.9938337802886963
94,34.427364349365234,2.605530023574829
95,20.484037399291992,2.332803726196289
96,22.427099227905273,2.913106918334961
97,14.658286094665527,0.7809197902679443
98,28.09844207763672,2.2885143756866455
99,33.76785659790039,2.590968370437622
100,14.64905834197998,0.7052915096282959
101,23.820539474487305,1.4032273292541504
102,18.299327850341797,0.7170031070709229
103,17.37371063232422,0.5638360977172852
104,17.998779296875,1.9462707042694092
105,25.20026397705078,1.8183555603027344
106,26.465465545654297,1.538332462310791
107,13.945960998535156,0.6818463802337646
108,18.721569061279297,1.0716352462768555
109,19.301496505737305,0.8216402530670166
110,28.895151138305664,2.632868528366089
111,29.343965530395508,2.8853647708892822
112,13.100013732910156,0.45772433280944824
113,20.75171661376953,1.9852874279022217
114,17.592954635620117,2.5439603328704834
115,23.504976272583008,1.520183801651001
116,22.460464477539062,1.9070355892181396
117,25.52959442138672,3.171942949295044
118,26.871414184570312,2.1373908519744873
119,14.101493835449219,0.8617291450500488
120,25.312095642089844,1.796935796737671
121,19.94577407836914,1.9959995746612549
122,26.650897979736328,3.28181791305542
123,9.590888023376465,0.8131864070892334
124,23.37114143371582,1.6764979362487793
125,23.98276138305664,1.9502489566802979
126,25.86081314086914,1.6842937469482422
127,19.228960037231445,2.231717109680176
128,30.800199508666992,3.7061851024627686
129,21.314802169799805,2.3141191005706787
130,31.666818618774414,1.3915445804595947
131,28.34172248840332,1.768449068069458
132,19.41922378540039,2.9897873401641846
133,28.293474197387695,2.996661901473999
134,28.339439392089844,1.4089527130126953
135,18.355897903442383,1.0881845951080322
136,13.715168952941895,0.49918270111083984
137,26.72510528564453,2.9652225971221924
138,16.711917877197266,1.048203468322754
139,21.797019958496094,1.3914597034454346
140,27.937667846679688,1.2821667194366455
141,25.538597106933594,1.6097495555877686
142,15.467294692993164,0.46596240997314453
143,21.846357345581055,1.5546355247497559
144,21.917856216430664,1.8578779697418213
145,21.388172149658203,1.033395528793335
146,18.614883422851562,2.502882957458496
147,19.123498916625977,1.6938397884368896
148,21.954254150390625,1.5007784366607666
149,9.596304893493652,0.3328666687011719
150,23.3608455657959,0.8644180297851562
151,18.92631721496582,1.2344119548797607
152,23.906293869018555,2.4108469486236572
153,25.74326515197754,2.3917644023895264
154,25.441757202148438,2.6716301441192627
155,23.169565200805664,2.857029914855957
156,33.081085205078125,2.7699813842773438
157,23.197336196899414,1.3872857093811035
158,17.971025466918945,2.0985164642333984
159,23.86410903930664,2.28507399559021
160,18.50712013244629,1.8071553707122803
161,28.823209762573242,1.3208808898925781
162,20.386579513549805,1.5394062995910645
163,10.965218544006348,0.645470142364502
164,15.570100784301758,1.2086849212646484
165,25.415019989013672,2.7080421447753906
166,31.93863296508789,2.6811251640319824
167,24.796552658081055,1.6743712425231934
168,16.141843795776367,1.4492907524108887
169,9.643045425415039,0.4283108711242676
170,23.499004364013672,1.3761088848114014
171,17.813899993896484,1.9161310195922852
172,26.889995574951172,1.694192886352539
173,14.257119178771973,0.43126487731933594
174,16.451513290405273,1.1944160461425781
175,23.812334060668945,2.8781707286834717
176,18.638704299926758,0.6984670162200928
177,22.623851776123047,2.1187140941619873
178,9.266939163208008,0.5274569988250732
179,19.721113204956055,1.0892112255096436
180,23.88494300842285,2.514349937438965
181,16.376752853393555,1.1660172939300537
182,31.829832077026367,2.680072069168091
183,25.840904235839844,2.1475164890289307
184,28.06188201904297,2.179337978363037
185,29.95758628845215,2.823167562484741
186,25.65657615661621,1.916673183441162
187,18.434980392456055,0.6979472637176514
188,19.39241600036621,2.103282928466797
189,34.19825744628906,2.718029499053955
190,25.382360458374023,2.078582286834717
191,20.59903907775879,2.959341287612915
192,28.602731704711914,2.6104753017425537
193,26.080242156982422,1.6972277164459229
194,19.381391525268555,1.595792293548584
195,7.631832122802734,0.35317134857177734
196,22.456363677978516,1.6019582748413086
197,21.15852165222168,1.0625150203704834
198,25.840627670288086,2.3453879356384277
199,19.766511917114258,1.3529713153839111
200,20.93168067932129,1.5758912563323975
201,18.378271102905273,1.1612675189971924
202,22.18193244934082,2.6341099739074707
203,16.54486846923828,1.419461965560913
204,17.531877517700195,1.2517783641815186
205,24.802026748657227,1.2391560077667236
206,25.22945213317871,1.337419033050537
207,9.966217994689941,0.5570220947265625
208,30.639965057373047,2.4435596466064453
209,33.10548400878906,2.5389292240142822
210,28.329635620117188,3.0368564128875732
211,18.381763458251953,1.190359354019165
212,13.441325187683105,0.5261156558990479
213,30.286645889282227,2.105193853378296
214,17.614614486694336,1.142979621887207
215,17.075214385986328,1.2176055908203125
216,20.682077407836914,2.473630428314209
217,20.82898712158203,1.994382381439209
218,25.787071228027344,2.491295099258423
219,22.069847106933594,2.985553503036499
220,25.423303604125977,1.7828571796417236
221,9.49744987487793,0.31711626052856445
222,27.7448673248291,2.7882239818573
223,31.586362838745117,2.8906044960021973
224,14.839874267578125,0.4171106815338135
225,36.4843635559082,2.941080331802368
226,24.825918197631836,2.4182732105255127
227,24.807497024536133,2.847038984298706
228,16.930570602416992,1.972038745880127
229,32.50901412963867,2.8176136016845703
230,27.949748992919922,1.8858189582824707
231,27.92987060546875,2.9284117221832275
232,33.896060943603516,2.531765937805176
233,20.841346740722656,0.9506099224090576
234,22.849546432495117,2.924879789352417
235,17.387502670288086,1.2250678539276123
236,15.739507675170898,1.2729687690734863
237,20.67826271057129,0.9930112361907959
238,23.221189498901367,1.9720714092254639
239,13.796110153198242,0.6730861663818359
240,22.78102684020996,2.964165687561035
241,25.134601593017578,1.7064828872680664
242,16.012130737304688,1.4466664791107178
243,12.124204635620117,0.9071369171142578
244,21.6846981048584,2.279609441757202
245,16.06062889099121,0.9674060344696045
246,26.478168487548828,1.5843515396118164
247,24.069156646728516,1.4005932807922363
248,35.03000259399414,2.93112850189209
249,16.426639556884766,0.988591194152832
250,21.89604949951172,2.806854724884033
251,8.941425323486328,0.3091001510620117
252,28.260774612426758,2.3253843784332275
253,32.265228271484375,2.8633365631103516
254,15.90117359161377,0.8296418190002441
255,12.687150001525879,1.4380278587341309
256,10.526678085327148,0.4670860767364502
257,13.211343765258789,2.0722761154174805
258,22.44536781311035,2.614992380142212
259,24.662261962890625,2.355820417404175
260,25.743133544921875,2.941236972808838
261,13.986403465270996,0.6562557220458984
262,17.065162658691406,1.3306553363800049
263,30.428850173950195,2.1236047744750977
264,15.404617309570312,0.6176517009735107
265,20.16453742980957,1.2743606567382812
266,13.295790672302246,0.7456579208374023
267,15.218764305114746,0.8909895420074463
268,25.395301818847656,2.280959129333496
269,24.58542823791504,2.8316895961761475
270,14.348189353942871,0.605724573135376
271,25.98096466064453,2.191242218017578
272,19.843658447265625,1.2702789306640625
273,21.213197708129883,0.8929812908172607
274,22.790613174438477,1.1773688793182373
275,21.83701515197754,2.6885931491851807
276,14.858410835266113,1.5044448375701904
277,19.704715728759766,1.4727675914764404
278,25.074426651000977,1.2044577598571777
279,21.36209487915039,1.6491661071777344
280,24.418058395385742,2.009671688079834
281,24.00602912902832,1.422051191329956
282,21.90891456604004,1.805243730545044
283,21.954374313354492,1.97623610496521
284,25.851362228393555,2.07729434967041
285,13.612749099731445,0.6686038970947266
286,22.546262741088867,2.8231306076049805
287,27.68730926513672,2.1779074668884277
288,24.976369857788086,2.744797945022583
289,19.611968994140625,2.283799409866333
290,30.31509017944336,1.63395357131958
291,19.898887634277344,1.2398631572723389
292,7.6872944831848145,0.3005058765411377
293,17.937753677368164,1.3450901508331299
294,16.374170303344727,1.6620049476623535
295,13.420384407043457,0.727114200592041
296,12.970080375671387,0.702620267868042
297,19.375036239624023,0.8087685108184814
298,21.688919067382812,2.5176901817321777
299,23.767580032348633,2.605506181716919
300,11.147760391235352,0.4855458736419678
301,21.641366958618164,2.504572868347168
302,18.199142456054688,2.247269868850708
303,12.787115097045898,0.5891530513763428
304,19.829681396484375,2.1189932823181152
305,11.093605041503906,0.3994271755218506
306,26.84435272216797,2.245903491973877
307,32.77835464477539,2.368041753768921
308,19.757713317871094,1.312669038772583
309,29.260995864868164,2.698944330215454
310,31.506549835205078,2.24928617477417
311,22.53221893310547,1.3955714702606201
312,11.317095756530762,0.4561300277709961
313,24.77876091003418,2.038053274154663
314,18.951669692993164,0.5073080062866211
315,21.228023529052734,2.1610445976257324
316,17.573074340820312,0.6981735229492188
317,25.334192276000977,1.4642949104309082
318,24.999595642089844,2.2445363998413086
319,22.67605972290039,1.6632404327392578
320,17.940608978271484,0.8077123165130615
321,27.309486389160156,1.65665602684021
322,19.454221725463867,1.3305063247680664
323,23.933143615722656,2.96431040763855
324,15.633136749267578,0.4990217685699463
325,17.829500198364258,1.0137739181518555
326,14.988558769226074,0.833136796951294
327,20.867008209228516,1.9912331104278564
328,27.313522338867188,2.3379433155059814
329,14.129825592041016,0.38556432723999023
330,16.23151397705078,1.093869686126709
331,23.175430297851562,1.3941752910614014
332,23.24643325805664,2.568472146987915
333,13.518610954284668,0.3316185474395752
334,11.333061218261719,0.476703405380249
335,33.64846420288086,2.3187994956970215
336,12.433527946472168,0.7327358722686768
337,17.736867904663086,0.7624096870422363
338,15.631404876708984,1.217703104019165
339,12.38103199005127,0.3919651508331299
340,22.29180335998535,2.5974066257476807
341,26.892148971557617,2.3135671615600586
342,21.43598747253418,0.9453682899475098
343,24.99375343322754,2.4347002506256104
344,21.000253677368164,2.7859647274017334
345,18.610713958740234,0.7810842990875244
346,20.791553497314453,2.8635504245758057
347,27.99158477783203,2.820385694503784
348,18.74610710144043,1.6850998401641846
349,18.16889190673828,1.0387358665466309
350,20.033323287963867,0.8814787864685059
351,10.132983207702637,0.5238111019134521
352,18.010066986083984,3.334433078765869
353,18.384233474731445,2.0286407470703125
354,31.06639862060547,2.5693142414093018
355,31.269739151000977,2.2996113300323486
356,22.55860137939453,1.2381846904754639
357,18.233154296875,3.013948678970337
358,26.22507095336914,1.9915356636047363
359,24.963260650634766,2.3283519744873047
360,30.004419326782227,3.796834707260132
361,14.6101655960083,0.7061243057250977
362,23.74761199951172,2.288381338119507
363,12.574288368225098,0.5522327423095703
364,24.834270477294922,2.238525390625
365,21.71149253845215,1.1584105491638184
366,20.793548583984375,1.6520931720733643
367,19.750747680664062,2.148169755935669
368,25.000417709350586,1.2823224067687988
369,26.423107147216797,2.6380615234375
370,15.113729476928711,1.0149400234222412
371,9.64472484588623,0.4373586177825928
372,28.26647186279297,2.4337165355682373
373,22.434080123901367,1.592756986618042
374,24.604074478149414,1.4430618286132812
375,23.75701904296875,2.5328006744384766
376,16.273319244384766,1.261735439300537
377,22.911361694335938,1.240321159362793
378,25.882802963256836,2.656373977661133
379,17.447145462036133,2.798809766769409
380,13.437625885009766,1.199871301651001
381,23.149799346923828,2.0627479553222656
382,15.02414321899414,0.6520659923553467
383,32.698055267333984,2.6290409564971924
384,29.115432739257812,2.398296594619751
385,28.241561889648438,2.5086147785186768
386,22.609899520874023,1.3466289043426514
387,32.79865264892578,2.560983180999756
388,17.206279754638672,1.9919164180755615
389,21.841915130615234,1.47108793258667
390,13.533447265625,0.3532078266143799
391,23.388954162597656,1.404489517211914
392,24.233795166015625,2.3135156631469727
393,29.727672576904297,2.4585189819335938
394,25.912063598632812,2.676809787750244
395,15.70225715637207,0.5160520076751709
396,24.528541564941406,1.320758581161499
397,15.065300941467285,1.214648723602295
398,13.730382919311523,0.6483635902404785
399,16.766714096069336,0.5209400653839111
400,18.77350425720215,1.7449214458465576
401,25.517667770385742,1.0506401062011719
402,14.804790496826172,0.9990806579589844
403,14.202549934387207,0.4251694679260254
404,30.045883178710938,1.880103588104248
405,15.288199424743652,1.0590355396270752
406,18.819272994995117,1.5101804733276367
407,24.55790138244629,2.349905252456665
408,16.670400619506836,1.2025973796844482
409,33.29405212402344,1.9037907123565674
410,20.54888916015625,2.6386282444000244
411,25.908687591552734,2.924443483352661
412,11.669233322143555,0.3439767360687256
413,17.962696075439453,1.0391323566436768
414,35.141876220703125,2.562718152999878
415,18.321123123168945,0.7146565914154053
416,30.95677947998047,2.986133575439453
417,28.28471565246582,1.604424238204956
418,26.506319046020508,2.274405002593994
419,11.365999221801758,0.5838503837585449
420,7.955789089202881,0.3559889793395996
421,24.18842315673828,2.1047725677490234
422,29.102455139160156,2.0278403759002686
423,24.943309783935547,2.504547357559204
424,27.011018753051758,1.6829910278320312
425,25.352529525756836,2.943391799926758
426,29.69111442565918,2.2734875679016113
427,23.652877807617188,2.553081750869751
428,23.5278377532959,2.9777414798736572
429,19.953411102294922,0.8690335750579834
430,28.393388748168945,2.940469741821289
431,21.996299743652344,2.5495388507843018
432,21.292043685913086,2.416555881500244
433,27.39816665649414,2.784640312194824
434,23.76532745361328,1.911574125289917
435,19.306982040405273,1.5324029922485352
436,21.39236068725586,0.8661396503448486
437,29.528669357299805,1.5380914211273193
438,20.21673583984375,1.955249309539795
439,13.241585731506348,0.4961230754852295
440,28.85367774963379,2.5556232929229736
441,25.65622901916504,2.831596612930298
442,22.765560150146484,1.180236577987671
443,22.290470123291016,1.150752067565918
444,15.106772422790527,0.9304442405700684
445,20.782894134521484,0.7190368175506592
446,21.070093154907227,2.0793678760528564
447,11.779265403747559,0.5168068408966064
448,25.685239791870117,2.3652429580688477
449,18.53330421447754,1.3746390342712402
450,21.631942749023438,1.4803988933563232
451,26.459169387817383,1.657132625579834
452,23.626819610595703,2.631211042404175
453,12.998412132263184,0.3011484146118164
454,18.648250579833984,1.8029124736785889
455,27.625181198120117,2.6700246334075928
456,9.811202049255371,0.33148670196533203
457,23.493032455444336,2.844332695007324
458,27.024215698242188,2.2411720752716064
459,20.88021469116211,3.0142359733581543
460,17.933979034423828,1.6627702713012695
461,12.645233154296875,0.6335515975952148
462,12.64294147491455,0.9148604869842529
463,18.038436889648438,0.7556378841400146
464,25.562789916992188,1.3735222816467285
465,12.667694091796875,0.531156063079834
466,13.102387428283691,0.3749394416809082
467,19.549802780151367,0.8380413055419922
468,16.38998794555664,0.6458806991577148
469,25.065349578857422,2.5034737586975098
470,26.331035614013672,1.9073686599731445
471,21.42679786682129,2.0120835304260254
472,26.23125648498535,1.4198205471038818
473,23.436552047729492,1.1134705543518066
474,26.85171890258789,1.7083139419555664
475,22.872905731201172,2.6073904037475586
476,18.17551612854004,2.3049473762512207
477,22.275896072387695,2.3974578380584717
478,23.151960372924805,2.1445982456207275
479,23.66664695739746,3.0759801864624023
480,26.75326919555664,2.723978042602539
481,18.25040054321289,1.9420382976531982
482,11.462321281433105,0.41230201721191406
483,22.61383819580078,2.8092548847198486
484,19.995325088500977,1.7317414283752441
485,23.158140182495117,1.6835472583770752
486,18.68750762939453,1.9705729484558105
487,34.559200286865234,2.3960797786712646
488,25.235458374023438,1.6854948997497559
489,16.18193817138672,0.8092763423919678
490,18.87576675415039,2.0360352993011475
491,17.379329681396484,1.5101954936981201
492,15.375519752502441,1.1272718906402588
493,27.444616317749023,2.6598117351531982
494,26.658849716186523,2.1546289920806885
495,21.70192527770996,2.3322880268096924
496,22.10884666442871,1.4687929153442383
497,16.953540802001953,1.4979236125946045
498,17.238056182861328,1.3253073692321777
499,20.92578125,2.2655789852142334
500,10.342355728149414,1.2989528179168701
501,7.5376691818237305,0.5591723918914795
502,18.182331085205078,2.2727105617523193
503,17.915550231933594,2.5192513465881348
504,12.974459648132324,1.939201831817627
505,13.211945533752441,0.4470078945159912
506,30.327219009399414,2.8597888946533203
507,12.359634399414062,2.502791166305542
508,18.52713966369629,0.7202224731445312
509,13.376044273376465,2.3096067905426025
510,19.965682983398438,0.45211243629455566
511,15.553915977478027,2.712460517883301
512,39.83188247680664,2.0270726680755615
513,15.08381175994873,1.32163405418396
514,13.243103981018066,1.8183627128601074
515,19.932964324951172,1.526867151260376
516,7.848576545715332,0.344287633895874
517,17.760982513427734,1.9152696132659912
518,11.442277908325195,1.6484448909759521
519,8.369369506835938,0.5764575004577637
520,30.87966537475586,1.4887051582336426
521,8.211641311645508,0.5977427959442139
522,12.230583190917969,1.4197478294372559
523,8.42506217956543,0.7533254623413086
524,13.67270565032959,2.2628796100616455
525,12.666796684265137,0.3651888370513916
526,13.394105911254883,2.533827066421509
527,9.118499755859375,1.0590546131134033
528,13.14669418334961,1.24172043800354
529,14.017366409301758,2.410654067993164
530,12.718072891235352,1.8783469200134277
531,35.35816192626953,0.9489703178405762
532,11.208817481994629,1.627232551574707
533,13.386798858642578,1.3685050010681152
534,11.707393646240234,2.328510046005249
535,13.025331497192383,2.864112615585327
536,9.16796588897705,0.5470681190490723
537,10.985455513000488,1.6914570331573486
538,16.346607208251953,1.3923847675323486
539,10.743499755859375,1.0167312622070312
540,14.325769424438477,1.259286880493164
541,29.566877365112305,2.613896608352661
542,13.216516494750977,2.454007387161255
543,22.1624698638916,2.136904716491699
544,12.904499053955078,0.9850051403045654
545,10.405048370361328,0.802086353302002
546,11.28576374053955,1.8001229763031006
547,14.213465690612793,2.197622776031494
548,12.793560028076172,0.7806205749511719
549,12.689308166503906,0.9502208232879639
550,6.989275932312012,0.3145725727081299
551,12.252123832702637,2.8513407707214355
552,14.10027027130127,2.641761541366577
553,11.383353233337402,1.388195514678955
554,7.857874393463135,0.5528194904327393
555,11.683921813964844,1.226701259613037
556,22.396644592285156,2.2223198413848877
557,17.74165916442871,2.3141610622406006
558,12.522719383239746,0.7143785953521729
559,13.714217185974121,2.6194729804992676
560,11.91907787322998,0.8708734512329102
561,8.888121604919434,0.7480709552764893
562,8.710490226745605,1.5460140705108643
563,18.043880462646484,1.3196203708648682
564,10.097219467163086,1.7726943492889404
565,10.754253387451172,0.5512044429779053
566,8.846342086791992,0.8931605815887451
567,9.310456275939941,0.9593691825866699
568,15.766319274902344,2.7895667552948
569,18.904098510742188,1.1630287170410156
570,14.363895416259766,2.1897358894348145
571,10.54565715789795,2.426229953765869
572,10.270981788635254,1.6632826328277588
573,11.430088996887207,1.2202541828155518
574,14.033653259277344,2.7144408226013184
575,15.679976463317871,1.0128724575042725
576,8.015402793884277,0.9033894538879395
577,5.934680938720703,0.8589861392974854
578,12.014942169189453,1.1168653964996338
579,12.16681957244873,2.903526782989502
580,27.647380828857422,2.8161234855651855
581,16.815372467041016,1.952467679977417
582,12.25200366973877,3.218780994415283
583,8.440322875976562,0.8406918048858643
584,4.983396530151367,0.6813991069793701
585,15.494943618774414,2.2495248317718506
586,14.826544761657715,3.731293201446533
587,7.866623878479004,1.3119275569915771
588,15.66523551940918,2.264761209487915
589,16.938705444335938,2.6903998851776123
590,17.56904411315918,3.2302308082580566
591,14.379581451416016,2.7952418327331543
592,38.9703254699707,3.723905563354492
593,11.114165306091309,1.2674603462219238
594,9.294922828674316,1.2501115798950195
595,8.855052947998047,0.42693662643432617
596,10.324216842651367,0.5431389808654785
597,23.46732521057129,1.5557074546813965
598,35.43870544433594,3.075751543045044
599,9.874321937561035,0.9413650035858154
600,15.927131652832031,2.830960512161255
601,10.377784729003906,1.5910048484802246
602,11.716278076171875,2.3795764446258545
603,40.16345977783203,2.8870904445648193
604,17.117399215698242,2.1236579418182373
605,17.670072555541992,2.106146812438965
606,13.337468147277832,2.171759605407715
607,5.929024696350098,0.3512415885925293
608,12.23605728149414,1.6389381885528564
609,15.160346031188965,1.23140287399292
610,15.551197052001953,1.775545358657837
611,26.589942932128906,1.4737892150878906
612,10.486863136291504,1.5155510902404785
613,9.260468482971191,0.8723917007446289
614,10.612175941467285,1.376028060913086
615,14.915081977844238,2.5770204067230225
616,20.58098602294922,1.6866624355316162
617,35.808570861816406,2.543246269226074
618,7.761958599090576,0.5752029418945312
619,10.565447807312012,2.3316259384155273
620,15.614945411682129,1.7543706893920898
621,21.073020935058594,1.315953016281128
622,12.157602310180664,0.9347562789916992
623,23.41020965576172,2.633591413497925
624,6.310848236083984,0.502833366394043
625,8.029702186584473,0.9543459415435791
626,16.280494689941406,2.0006115436553955
627,8.720970153808594,1.0408539772033691
628,9.438408851623535,1.02048921585083
629,14.915653228759766,0.8236250877380371
630,12.775725364685059,1.7892374992370605
631,13.583364486694336,0.4597208499908447
632,8.780399322509766,1.2387564182281494
633,20.48508644104004,1.7571589946746826
634,26.464479446411133,1.5271430015563965
635,12.32129192352295,1.7628023624420166
636,11.343650817871094,1.4330813884735107
637,15.476696014404297,0.5586531162261963
638,19.216379165649414,1.7250051498413086
639,22.078840255737305,1.9808697700500488
640,6.545273303985596,0.3209846019744873
641,11.134500503540039,1.5975048542022705
642,16.141687393188477,2.209916353225708
643,34.017879486083984,1.5163228511810303
644,13.742645263671875,1.3137869834899902
645,15.437073707580566,0.9924321174621582
646,15.52617073059082,2.7725489139556885
647,10.393891334533691,1.0376756191253662
648,11.886747360229492,2.7019197940826416
649,8.726423263549805,0.5834403038024902
650,37.261287689208984,2.1316041946411133
651,10.200111389160156,1.2688024044036865
652,8.057629585266113,0.49678659439086914
653,13.987862586975098,2.0199134349823
654,7.092691898345947,0.2927980422973633
655,21.107351303100586,1.0545578002929688
656,10.934657096862793,0.6867241859436035
657,25.85901641845703,2.3151862621307373
658,41.21328353881836,1.3807873725891113
659,13.138849258422852,1.784433126449585
660,8.706613540649414,0.690133810043335
661,16.555463790893555,2.8539135456085205
662,9.986393928527832,0.638559103012085
663,11.959284782409668,2.0124504566192627
664,10.777496337890625,2.5946311950683594
665,15.828361511230469,1.9215502738952637
666,12.60651969909668,2.4931492805480957
667,18.910858154296875,1.4607009887695312
668,29.559444427490234,2.885148763656616
669,16.56515884399414,1.3467566967010498
670,33.17710876464844,2.817732334136963
671,17.331466674804688,2.9015390872955322
672,12.829902648925781,1.7302131652832031
673,7.177732467651367,0.38214659690856934
674,14.146028518676758,2.4689459800720215
675,14.725237846374512,2.8179049491882324
676,20.94737434387207,2.249521017074585
677,10.78853702545166,1.631873607635498
678,16.654279708862305,2.036336660385132
679,12.735157012939453,0.613950252532959
680,18.88451385498047,2.0975940227508545
681,6.07258415222168,0.36437463760375977
682,11.947397232055664,2.536370277404785
683,13.897627830505371,2.8625376224517822
684,26.815540313720703,2.8488659858703613
685,14.464727401733398,2.180143117904663
686,8.30813980102539,0.30706143379211426
687,12.06741714477539,0.6032345294952393
688,8.204296112060547,1.6135139465332031
689,15.941633224487305,2.515558958053589
690,30.580795288085938,2.3969154357910156
691,19.567432403564453,1.6839840412139893
692,18.22515869140625,2.1614441871643066
693,11.990927696228027,0.46160173416137695
694,15.704864501953125,2.7147607803344727
695,15.0989408493042,1.775407075881958
696,10.8121337890625,2.397426128387451
697,9.060203552246094,0.5773942470550537
698,11.1637544631958,1.6709184646606445
699,11.28856086730957,1.9731628894805908
700,11.79815673828125,1.58638596534729
701,13.961795806884766,2.2096853256225586
702,12.619080543518066,0.6585943698883057
703,7.444268703460693,0.3894786834716797
704,12.545276641845703,1.983903408050537
705,12.437836647033691,0.47396326065063477
706,16.30388069152832,2.86572003364563
707,7.67909574508667,1.011629343032837
708,19.174068450927734,2.933291435241699
709,12.249850273132324,1.2128071784973145
710,12.619451522827148,0.7081201076507568
711,9.183083534240723,1.310758352279663
712,7.409670352935791,1.0060997009277344
713,10.511449813842773,1.0128192901611328
714,10.797446250915527,2.0515968799591064
715,19.797054290771484,2.778740644454956
716,28.030942916870117,1.8917369842529297
717,12.1641263961792,1.616062879562378
718,14.721558570861816,2.8212945461273193
719,9.673399925231934,1.6156039237976074
720,27.78221893310547,2.604336738586426
721,10.14982795715332,0.7401173114776611
722,38.57737731933594,2.8228681087493896
723,15.739057540893555,1.796607255935669
724,9.30978012084961,1.1492257118225098
725,28.465450286865234,0.934622049331665
726,16.51090431213379,2.3131966590881348
727,21.341535568237305,2.508364677429199
728,11.671943664550781,1.534062385559082
729,10.405313491821289,2.0705199241638184
730,13.178643226623535,2.667663097381592
731,16.582962036132812,0.9899811744689941
732,9.555859565734863,1.4482030868530273
733,17.07314682006836,1.987220048904419
734,9.508111953735352,0.458667516708374
735,6.618731498718262,0.7007291316986084
736,8.735419273376465,0.5471944808959961
737,25.703458786010742,2.614826202392578
738,16.299057006835938,2.913417100906372
739,29.81182861328125,2.6988980770111084
740,11.577585220336914,2.094714641571045
741,7.028324604034424,0.5076775550842285
742,13.638272285461426,2.3707149028778076
743,12.216530799865723,1.6294469833374023
744,17.007915496826172,2.370950937271118
745,16.074316024780273,2.923508882522583
746,27.704139709472656,2.1365299224853516
747,14.738912582397461,2.7874393463134766
748,17.23577308654785,1.6195714473724365
749,11.743255615234375,0.9455950260162354
750,13.297030448913574,1.4015040397644043
751,13.357613563537598,1.776707649230957
752,11.622032165527344,0.7156052589416504
753,38.22478103637695,2.625800609588623
754,17.000396728515625,2.6862082481384277
755,14.112234115600586,2.6137843132019043
756,27.759788513183594,2.355020046234131
757,11.408745765686035,1.8303983211517334
758,13.91890811920166,2.6299386024475098
759,9.144186019897461,0.6976728439331055
760,9.082951545715332,1.4905824661254883
761,14.386503219604492,2.4982714653015137
762,10.903252601623535,1.777684211730957
763,12.858781814575195,2.644660234451294
764,14.948930740356445,1.5887539386749268
765,22.090246200561523,2.836050033569336
766,22.26944351196289,2.6591808795928955
767,7.923696517944336,0.6485490798950195
768,7.191072940826416,0.3995859622955322
769,17.55437660217285,1.2441461086273193
770,16.886911392211914,2.0121116638183594
771,9.089075088500977,0.6938295364379883
772,16.88239288330078,2.263779401779175
773,15.38427448272705,2.7590279579162598
774,13.282301902770996,0.4710536003112793
775,19.522123336791992,1.2891268730163574
776,20.06800651550293,1.7157559394836426
777,14.764046669006348,0.8038771152496338
778,26.49788475036621,1.4978270530700684
779,16.17679214477539,1.0116679668426514
780,12.149279594421387,1.722092628479004
781,20.89458656311035,2.985410690307617
782,53.154884338378906,2.226468801498413
783,10.280600547790527,1.1075642108917236
784,28.847803115844727,2.6727707386016846
785,12.388309478759766,2.4212193489074707
786,8.703655242919922,1.1069440841674805
787,11.832047462463379,2.009796142578125
788,18.338916778564453,0.46442198753356934
789,13.444116592407227,1.3109426498413086
790,20.05087661743164,1.4514131546020508
791,43.45580291748047,2.2003707885742188
792,64.05904388427734,2.7519214153289795
793,13.777578353881836,2.6844799518585205
794,13.075267791748047,0.35877537727355957
795,16.111482620239258,2.8110742568969727
796,7.703768730163574,0.40091586112976074
797,8.48876667022705,1.3976786136627197
798,12.77348518371582,2.6488118171691895
799,15.840718269348145,2.6153109073638916
800,23.673736572265625,1.303091287612915
801,13.057877540588379,2.4954488277435303
802,63.44590759277344,2.9620611667633057
803,10.65633487701416,3.12274432182312
804,16.027021408081055,2.8504555225372314
805,12.840580940246582,2.9711861610412598
806,12.861052513122559,2.6017563343048096
807,13.930872917175293,3.4894638061523438
808,20.04898452758789,3.265646457672119
809,11.96307373046875,2.184190511703491
810,21.71071434020996,2.155876636505127
811,12.728961944580078,2.433581829071045
812,21.370309829711914,2.88690447807312
813,11.529397964477539,1.1337757110595703
814,11.8312406539917,3.373887062072754
815,13.582389831542969,1.817906141281128
816,15.21312141418457,2.4482250213623047
817,15.844871520996094,2.158954620361328
818,12.708107948303223,1.4223518371582031
819,10.908306121826172,2.4671943187713623
820,25.04960060119629,1.2935001850128174
821,13.576359748840332,1.70430326461792
822,20.1464786529541,2.926671028137207
823,13.792049407958984,0.6957418918609619
824,19.229766845703125,2.6470417976379395
825,30.694604873657227,2.7314531803131104
826,11.642974853515625,1.2856533527374268
827,8.379817962646484,0.43621301651000977
828,19.967639923095703,2.4359395503997803
829,8.219515800476074,1.2855160236358643
830,23.912179946899414,0.7503788471221924
831,13.482197761535645,1.418034315109253
832,12.438852310180664,2.1180903911590576
833,12.749749183654785,1.9900777339935303
834,17.87938690185547,2.3577475547790527
835,13.180641174316406,1.1795649528503418
836,18.843294143676758,2.824432134628296
837,15.642965316772461,0.7273499965667725
838,9.555285453796387,2.1866207122802734
839,15.402222633361816,0.9778866767883301
840,14.629480361938477,1.485034704208374
841,14.837873458862305,1.9861083030700684
842,23.787107467651367,0.915471076965332
843,13.230572700500488,2.511955976486206
844,24.282840728759766,0.9577033519744873
845,13.162819862365723,1.9140162467956543
846,9.609313011169434,0.6526670455932617
847,11.531363487243652,1.153132438659668
848,13.901058197021484,2.188467025756836
849,14.175536155700684,1.2730188369750977
850,16.429330825805664,0.798760175704956
851,12.621440887451172,0.39456939697265625
852,12.508893966674805,2.1122076511383057
853,26.33887481689453,2.2489895820617676
854,13.151308059692383,1.3226020336151123
855,12.374585151672363,2.163167953491211
856,13.249279975891113,1.7346010208129883
857,14.688225746154785,1.3707630634307861
858,17.55337905883789,2.4893712997436523
859,12.977411270141602,1.4151930809020996
860,21.08323097229004,1.812903642654419
861,12.020679473876953,0.8300032615661621
862,5.794730186462402,0.6075143814086914
863,18.073450088500977,1.1308023929595947
864,19.041732788085938,2.3097338676452637
865,36.30630874633789,2.410919427871704
866,23.172412872314453,2.635896682739258
867,9.454599380493164,1.4669315814971924
868,20.45569610595703,2.115307092666626
869,10.993937492370605,1.02360200881958
870,11.034906387329102,1.7769997119903564
871,9.511363983154297,0.8990459442138672
872,12.826924324035645,1.6031849384307861
873,12.968368530273438,1.452038288116455
874,12.601722717285156,1.8342351913452148
875,12.167410850524902,0.9089317321777344
876,11.192368507385254,2.178563356399536
877,9.264533996582031,0.9637537002563477
878,12.939641952514648,2.2676262855529785
879,10.867080688476562,2.986264705657959
880,20.383617401123047,2.885796546936035
881,14.902688980102539,0.8956649303436279
882,12.729713439941406,2.4974658489227295
883,15.56335163116455,0.712188720703125
884,15.198997497558594,3.084712028503418
885,8.202715873718262,0.5639400482177734
886,42.9296760559082,1.897026777267456
887,18.449121475219727,2.038099527359009
888,18.110246658325195,0.8722822666168213
889,11.608433723449707,2.2206907272338867
890,39.93931579589844,1.7518799304962158
891,10.50572681427002,1.4139602184295654
892,18.822006225585938,1.0642824172973633
893,27.248815536499023,1.807844877243042
894,15.459916114807129,0.8745467662811279
895,20.079742431640625,2.220369338989258
896,9.848783493041992,1.3833849430084229
897,15.44907283782959,2.8343799114227295
898,8.339190483093262,0.7011146545410156
899,16.362186431884766,2.880284547805786
900,11.786042213439941,2.5012640953063965
901,10.708438873291016,0.811110258102417
902,36.502532958984375,1.4614036083221436
903,14.593130111694336,2.7767937183380127
904,20.757991790771484,2.6342620849609375
905,12.622363090515137,2.056478977203369
906,21.523229598999023,2.774813652038574
907,10.785691261291504,1.344228744506836
908,10.977863311767578,1.6917154788970947
909,8.051587104797363,0.9644632339477539
910,22.428682327270508,1.3126671314239502
911,6.8553853034973145,0.5675466060638428
912,17.720487594604492,2.7744617462158203
913,12.840999603271484,2.6973824501037598
914,23.006874084472656,1.8997433185577393
915,15.833800315856934,2.2561538219451904
916,22.764617919921875,2.170231342315674
917,12.76392936706543,1.682450771331787
918,17.40589714050293,0.5786182880401611
919,11.374884605407715,1.52205491065979
920,23.159360885620117,2.37605881690979
921,9.618001937866211,0.5235135555267334
922,10.76333236694336,1.3868932723999023
923,7.29945707321167,0.44240784645080566
924,41.956260681152344,1.73573637008667
925,6.288455486297607,0.2920196056365967
926,15.097907066345215,2.4263501167297363
927,14.634500503540039,1.337895393371582
928,15.26878833770752,2.9867100715637207
929,12.096719741821289,0.40149855613708496
930,35.107120513916016,2.5415425300598145
931,9.4182767868042,1.5199253559112549
932,16.893415451049805,2.3810203075408936
933,24.32430648803711,1.0121498107910156
934,18.505413055419922,2.477130174636841
935,8.213214874267578,0.4619755744934082
936,7.044949054718018,0.7748379707336426
937,15.045516967773438,0.8336999416351318
938,6.693129539489746,0.34683847427368164
939,12.42456340789795,0.7313809394836426
940,11.681382179260254,2.387613296508789
941,21.513341903686523,1.5722439289093018
942,24.76532554626465,2.796323776245117
943,6.312851905822754,0.33852148056030273
944,23.993488311767578,2.7226033210754395
945,14.657942771911621,0.4326298236846924
946,13.136433601379395,0.9056649208068848
947,17.77268409729004,2.9063925743103027
948,13.178206443786621,1.746258020401001
949,7.465092658996582,0.7037234306335449
950,6.284413814544678,0.7568447589874268
951,19.441335678100586,2.2711033821105957
952,71.80228424072266,2.175299644470215
953,8.452004432678223,0.5379652976989746
954,10.83755874633789,0.45464229583740234
955,8.8290433883667,1.0245730876922607
956,30.68564796447754,1.46864914894104
957,11.735952377319336,1.8699541091918945
958,10.155750274658203,1.2608249187469482
959,18.443418502807617,2.008582353591919
960,18.627668380737305,1.6592652797698975
961,14.36483383178711,2.476681709289551
962,8.391619682312012,1.19063401222229
963,8.848150253295898,1.1485605239868164
964,12.820615768432617,1.0313389301300049
965,74.74177551269531,2.8744125366210938
966,11.671915054321289,2.1134114265441895
967,16.13286590576172,1.0766401290893555
968,7.7898359298706055,0.41404271125793457
969,9.616434097290039,0.6279573440551758
970,9.629476547241211,1.3730831146240234
971,8.141847610473633,0.7201428413391113
972,14.65115737915039,1.993164300918579
973,7.666020393371582,0.4111170768737793
974,22.130617141723633,1.8540465831756592
975,12.55015754699707,2.130709648132324
976,9.05595874786377,0.918870210647583
977,8.424110412597656,1.5817582607269287
978,27.122949600219727,1.75203275680542
979,12.31269645690918,2.5497775077819824
980,13.223636627197266,0.5208351612091064
981,20.97928237915039,1.2826499938964844
982,17.277788162231445,2.5349886417388916
983,17.409997940063477,1.5291597843170166
984,12.3777494430542,1.9870145320892334
985,12.457908630371094,1.0627734661102295
986,13.781054496765137,0.5373945236206055
987,9.768285751342773,1.033435344696045
988,15.544384002685547,2.897123098373413
989,19.393625259399414,2.9517250061035156
990,9.03032112121582,1.6181886196136475
991,51.38938903808594,2.334665060043335
992,18.22489356994629,2.743358850479126
993,6.3844380378723145,0.3731210231781006
994,9.015114784240723,0.9389424324035645
995,10.510284423828125,0.997236967086792
996,29.05756950378418,2.4643354415893555
997,21.321287155151367,1.5225253105163574
998,16.781856536865234,2.759506940841675
999,10.676993370056152,0.5649259090423584
