0,26.681438446044922,1.376497745513916
1,13.79206371307373,0.4570481777191162
2,20.364850997924805,0.9063305854797363
3,30.928922653198242,1.0470514297485352
4,18.493728637695312,0.4609215259552002
5,23.023399353027344,0.738335132598877
6,11.983319282531738,0.37309694290161133
7,35.49470520019531,1.073676347732544
8,19.434724807739258,0.5794167518615723
9,28.79525375366211,0.7407402992248535
10,26.16726303100586,1.0899686813354492
11,12.025137901306152,0.4789729118347168
12,10.65756607055664,0.40389537811279297
13,24.83121109008789,0.5659232139587402
14,29.61774253845215,1.089320421218872
15,33.05605697631836,0.8612730503082275
16,20.579307556152344,0.7294578552246094
17,34.462257385253906,0.9868104457855225
18,11.036226272583008,0.34364843368530273
19,20.705347061157227,0.6347901821136475
20,26.922212600708008,1.1147172451019287
21,14.26963996887207,0.5411555767059326
22,18.400798797607422,0.4858124256134033
23,38.406776428222656,1.4850614070892334
24,19.377593994140625,1.3232905864715576
25,21.787349700927734,1.370384693145752
26,20.90365219116211,1.6522467136383057
27,27.09000015258789,1.4733912944793701
28,23.598051071166992,1.5991523265838623
29,14.161052703857422,0.6715788841247559
30,23.577102661132812,1.3145315647125244
31,17.434396743774414,0.7924108505249023
32,32.05107116699219,1.7505028247833252
33,12.939459800720215,0.6138300895690918
34,13.325752258300781,0.5933384895324707
35,26.03327178955078,1.7992963790893555
36,23.413177490234375,1.0276927947998047
37,18.756006240844727,1.2563817501068115
38,18.02728271484375,0.9882986545562744
39,34.640777587890625,1.962592363357544
40,8.124581336975098,0.6312341690063477
41,12.658858299255371,0.6580314636230469
42,34.937522888183594,1.5796535015106201
43,16.62313461303711,0.8239095211029053
44,25.846744537353516,1.8748900890350342
45,29.15950584411621,1.5308709144592285
46,27.551427841186523,1.3041081428527832
47,13.366765022277832,0.7490417957305908
48,9.984938621520996,0.54099440574646
49,26.895673751831055,1.579988956451416
50,24.145471572875977,1.4013683795928955
51,24.970138549804688,0.9843780994415283
52,19.108489990234375,0.6952297687530518
53,18.917346954345703,0.8524818420410156
54,22.242992401123047,1.4575953483581543
55,23.371658325195312,1.1831278800964355
56,24.6656494140625,1.7468054294586182
57,15.094764709472656,1.1712703704833984
58,13.235052108764648,0.8042540550231934
59,23.038982391357422,1.4407343864440918
60,9.889768600463867,0.6046929359436035
61,29.82289695739746,1.2306296825408936
62,31.106109619140625,1.5249991416931152
63,27.60677719116211,1.262876033782959
64,35.310550689697266,1.8460829257965088
65,18.404090881347656,0.725114107131958
66,17.856611251831055,1.0174784660339355
67,32.82435607910156,1.9763975143432617
68,14.653864860534668,0.6357941627502441
69,21.045320510864258,1.0371575355529785
70,18.21108055114746,1.062955379486084
71,27.46690559387207,1.0065276622772217
72,12.601202964782715,0.5833652019500732
73,17.368087768554688,1.4929986000061035
74,29.232423782348633,1.7113747596740723
75,26.79037094116211,1.6385338306427002
76,22.782136917114258,0.9845404624938965
77,18.693988800048828,0.8802392482757568
78,29.204240798950195,1.303109884262085
79,15.00556755065918,0.6331393718719482
80,15.079030990600586,0.7255873680114746
81,23.95376205444336,1.5397975444793701
82,28.64263153076172,1.2045612335205078
83,22.519838333129883,1.3981659412384033
84,16.82665252685547,0.8328690528869629
85,21.149614334106445,1.170952320098877
86,10.287220001220703,0.6617450714111328
87,21.09078598022461,1.308365821838379
88,28.8663387298584,1.6622939109802246
89,19.76531982421875,1.5318431854248047
90,29.770170211791992,2.0086967945098877
91,18.732858657836914,1.0747601985931396
92,24.769014358520508,1.464538335800171
93,17.651508331298828,0.9791197776794434
94,36.69678497314453,1.6884374618530273
95,21.307392120361328,1.5899405479431152
96,26.16408920288086,1.858016014099121
97,14.303945541381836,0.8643674850463867
98,29.49631118774414,1.5323154926300049
99,35.24761199951172,1.8172779083251953
100,14.401009559631348,0.8483626842498779
101,23.947486877441406,1.075453519821167
102,18.41425132751465,0.7077956199645996
103,15.833776473999023,0.7337772846221924
104,18.40478515625,1.369457483291626
105,27.151668548583984,1.3745064735412598
106,27.726396560668945,1.205615758895874
107,13.669281005859375,0.8018481731414795
108,19.242687225341797,0.8930280208587646
109,18.742637634277344,0.7656428813934326
110,31.127403259277344,1.9616272449493408
111,32.297576904296875,1.8700647354125977
112,13.014656066894531,0.5880799293518066
113,20.233680725097656,1.4936468601226807
114,19.68893051147461,1.4276270866394043
115,23.87735366821289,0.9733984470367432
116,23.36772918701172,1.2333812713623047
117,26.70516586303711,1.6844336986541748
118,27.528696060180664,1.3297429084777832
119,13.739011764526367,0.8083817958831787
120,24.835487365722656,1.06917142868042
121,20.0148983001709,1.1433768272399902
122,29.205467224121094,1.739292860031128
123,9.457709312438965,0.7969644069671631
124,23.054920196533203,1.0427043437957764
125,24.07046127319336,1.1588106155395508
126,25.809032440185547,1.1419053077697754
127,19.72368621826172,1.2575116157531738
128,34.836490631103516,1.8417775630950928
129,23.00579071044922,1.5557842254638672
130,31.004228591918945,1.0786283016204834
131,30.123302459716797,1.281090497970581
132,22.004335403442383,2.303762197494507
133,29.741065979003906,1.9511792659759521
134,28.19674301147461,1.0968186855316162
135,18.675607681274414,1.0291478633880615
136,13.098283767700195,0.5982410907745361
137,29.358482360839844,1.9013655185699463
138,16.534791946411133,1.0300536155700684
139,21.449586868286133,1.0170791149139404
140,28.017961502075195,1.0261762142181396
141,25.852436065673828,1.1504392623901367
142,15.623394966125488,0.6855247020721436
143,22.79473876953125,1.152306318283081
144,22.844196319580078,1.326181173324585
145,20.668516159057617,0.9495737552642822
146,20.374414443969727,1.642608404159546
147,20.305191040039062,1.258345127105713
148,22.222728729248047,1.2436192035675049
149,9.513594627380371,0.5124680995941162
150,23.154754638671875,0.7781651020050049
151,19.305362701416016,0.9520668983459473
152,25.982097625732422,1.7309057712554932
153,27.365386962890625,1.6025173664093018
154,27.534072875976562,1.729135274887085
155,25.750286102294922,1.9979174137115479
156,35.77709197998047,1.8862380981445312
157,22.661264419555664,1.1053829193115234
158,19.53002166748047,1.5708703994750977
159,23.760154724121094,1.5579564571380615
160,18.540481567382812,1.3125035762786865
161,29.27225685119629,1.1626877784729004
162,20.935829162597656,1.1530253887176514
163,11.030912399291992,0.6807053089141846
164,15.842135429382324,1.0928797721862793
165,28.80080223083496,1.7595911026000977
166,34.1496467590332,1.7843372821807861
167,25.181367874145508,1.3710029125213623
168,16.388580322265625,1.1206440925598145
169,9.729190826416016,0.559563159942627
170,24.22869300842285,1.0603370666503906
171,18.10790252685547,1.4634149074554443
172,26.457529067993164,1.2447309494018555
173,13.892752647399902,0.5606622695922852
174,16.288419723510742,1.0680444240570068
175,26.985488891601562,1.874467372894287
176,17.92847442626953,0.734046220779419
177,24.459522247314453,1.5765671730041504
178,9.291997909545898,0.6027669906616211
179,19.73668098449707,0.885056734085083
180,25.552574157714844,1.8090412616729736
181,15.675597190856934,0.9663357734680176
182,35.42497634887695,1.985361099243164
183,26.59178352355957,1.4239857196807861
184,30.42212677001953,1.710824728012085
185,33.52138900756836,1.8628408908843994
186,27.976179122924805,1.3829636573791504
187,18.06884765625,0.8208284378051758
188,20.241098403930664,1.570220708847046
189,40.09149169921875,1.7980895042419434
190,26.035974502563477,1.571678876876831
191,24.009414672851562,1.9245879650115967
192,30.79944610595703,1.763930320739746
193,26.69244384765625,1.37931227684021
194,20.36786460876465,1.1873219013214111
195,7.6321868896484375,0.5153396129608154
196,22.477676391601562,1.291539192199707
197,21.496755599975586,0.9055581092834473
198,27.578411102294922,1.5896315574645996
199,18.764272689819336,1.180751085281372
200,21.398035049438477,1.195885419845581
201,19.346115112304688,1.0940330028533936
202,23.989974975585938,1.7757627964019775
203,16.86205291748047,1.1588850021362305
204,17.6711483001709,1.0131564140319824
205,24.451824188232422,0.9944131374359131
206,25.570322036743164,1.178114414215088
207,9.490381240844727,0.6452333927154541
208,34.9570198059082,1.6151127815246582
209,32.51888656616211,1.9811935424804688
210,31.832021713256836,1.9138169288635254
211,17.483291625976562,1.0066208839416504
212,13.457611083984375,0.624314546585083
213,32.18791961669922,1.5870585441589355
214,17.462234497070312,0.9718365669250488
215,18.650352478027344,1.1352078914642334
216,22.595993041992188,1.8307006359100342
217,22.236658096313477,1.4203901290893555
218,27.85155487060547,1.6516695022583008
219,25.23700523376465,2.032405376434326
220,25.830354690551758,1.335878849029541
221,9.670661926269531,0.5145153999328613
222,30.813337326049805,1.8447740077972412
223,35.138641357421875,1.9606328010559082
224,14.742725372314453,0.5789251327514648
225,39.469947814941406,2.02229905128479
226,26.696975708007812,1.6560790538787842
227,28.547740936279297,1.8840460777282715
228,18.171127319335938,1.5424468517303467
229,34.74405288696289,1.9386465549468994
230,29.692018508911133,1.404674768447876
231,30.039796829223633,2.0694549083709717
232,36.61056900024414,1.6556859016418457
233,20.172801971435547,0.8476512432098389
234,26.9903564453125,1.9913198947906494
235,16.66267204284668,0.9487485885620117
236,16.153949737548828,1.0360958576202393
237,20.759052276611328,0.9907035827636719
238,23.888973236083984,1.4010193347930908
239,13.372579574584961,0.7069196701049805
240,26.435535430908203,1.8768808841705322
241,25.53635597229004,1.3921961784362793
242,16.094985961914062,1.2588000297546387
243,11.779411315917969,0.7537674903869629
244,22.459644317626953,1.6155931949615479
245,15.737579345703125,0.855661153793335
246,26.766807556152344,1.1683335304260254
247,24.13789939880371,1.2538554668426514
248,39.25505065917969,1.940798282623291
249,16.154521942138672,0.954505205154419
250,25.6861629486084,1.9716157913208008
251,9.025724411010742,0.5266368389129639
252,29.352754592895508,1.5519063472747803
253,37.55323791503906,1.8752562999725342
254,16.048187255859375,0.9131786823272705
255,13.03776741027832,1.1176328659057617
256,9.741363525390625,0.5969986915588379
257,14.771620750427246,1.5475046634674072
258,25.8773193359375,1.7505509853363037
259,27.286367416381836,1.6160221099853516
260,30.284242630004883,2.0563199520111084
261,13.703718185424805,0.7084848880767822
262,17.276365280151367,1.056527853012085
263,30.589479446411133,1.605785608291626
264,15.263964653015137,0.684222936630249
265,19.9449462890625,1.0155529975891113
266,12.920915603637695,0.8508720397949219
267,15.10887336730957,0.8082149028778076
268,26.348495483398438,1.5619587898254395
269,27.36121940612793,1.8968310356140137
270,14.422666549682617,0.7959330081939697
271,29.446508407592773,1.5133378505706787
272,19.84060287475586,1.0079452991485596
273,20.398422241210938,0.9875876903533936
274,22.844669342041016,0.966925859451294
275,24.678264617919922,1.7758071422576904
276,15.74669075012207,1.287489414215088
277,20.049678802490234,1.1552033424377441
278,25.032421112060547,0.9959359169006348
279,22.029705047607422,1.2225306034088135
280,24.339252471923828,1.5010862350463867
281,23.20446014404297,1.133927822113037
282,22.67637062072754,1.3127562999725342
283,22.516345977783203,1.5243680477142334
284,26.641551971435547,1.4799754619598389
285,12.15884780883789,0.7011709213256836
286,25.96468734741211,1.9789104461669922
287,27.832294464111328,1.4771907329559326
288,27.44256591796875,1.7913124561309814
289,22.013248443603516,1.701918363571167
290,30.525785446166992,1.1990084648132324
291,20.454078674316406,1.0185110569000244
292,7.347299575805664,0.6185741424560547
293,18.430770874023438,1.0645098686218262
294,16.518741607666016,1.2582511901855469
295,13.326220512390137,0.8560640811920166
296,12.921564102172852,0.7126646041870117
297,18.886154174804688,0.7799911499023438
298,23.78036880493164,1.7237045764923096
299,27.523723602294922,1.883795976638794
300,11.175405502319336,0.6384387016296387
301,23.746822357177734,1.6855432987213135
302,19.85080909729004,1.62672758102417
303,12.895952224731445,0.6730325222015381
304,21.732192993164062,1.631270170211792
305,11.159561157226562,0.5683526992797852
306,28.753686904907227,1.6732380390167236
307,34.666603088378906,1.6729419231414795
308,20.066791534423828,1.0834369659423828
309,33.45585632324219,1.9529259204864502
310,32.710968017578125,1.592383861541748
311,22.051620483398438,1.1250722408294678
312,11.314615249633789,0.7250447273254395
313,25.814956665039062,1.446840763092041
314,18.866230010986328,0.6325130462646484
315,22.301532745361328,1.5389716625213623
316,16.58878517150879,0.8484292030334473
317,26.516592025756836,1.157696008682251
318,27.063194274902344,1.5714373588562012
319,22.924583435058594,1.402005672454834
320,17.531810760498047,0.7903356552124023
321,27.9422607421875,1.2575271129608154
322,20.13727569580078,1.195610523223877
323,27.247596740722656,1.9788575172424316
324,15.673463821411133,0.6424736976623535
325,17.014789581298828,1.0226061344146729
326,15.121509552001953,0.9181094169616699
327,21.654712677001953,1.433945655822754
328,28.733341217041016,1.6237902641296387
329,13.703390121459961,0.6680178642272949
330,16.39081573486328,0.9237079620361328
331,23.312210083007812,1.1146140098571777
332,24.61483383178711,1.8698647022247314
333,12.186668395996094,0.5356888771057129
334,11.519500732421875,0.5877711772918701
335,34.486000061035156,1.6484906673431396
336,12.308890342712402,0.8623762130737305
337,17.74148941040039,0.7494950294494629
338,15.638521194458008,1.007293462753296
339,11.881819725036621,0.6650180816650391
340,26.097909927368164,2.0846827030181885
341,28.481178283691406,1.6363005638122559
342,21.051671981811523,0.9872331619262695
343,27.236064910888672,1.686694860458374
344,24.526710510253906,1.8790364265441895
345,18.022064208984375,0.8975996971130371
346,22.417821884155273,1.5605924129486084
347,28.59967041015625,1.548694133758545
348,19.349287033081055,1.0769329071044922
349,18.43274688720703,0.8860824108123779
350,19.022932052612305,0.7333378791809082
351,10.262731552124023,0.5504353046417236
352,21.317420959472656,1.8621861934661865
353,18.760726928710938,1.221912145614624
354,30.20724868774414,1.4595921039581299
355,33.22224426269531,1.5138020515441895
356,22.0587100982666,0.8737123012542725
357,19.785600662231445,1.6187901496887207
358,26.70156478881836,1.207554578781128
359,25.565635681152344,1.4483911991119385
360,32.314552307128906,1.950659990310669
361,14.187726020812988,0.766812801361084
362,25.93642807006836,1.689340591430664
363,12.28986644744873,0.6478557586669922
364,26.083709716796875,1.5858514308929443
365,22.33245849609375,1.1348788738250732
366,21.36441421508789,1.2523398399353027
367,20.596317291259766,1.5731041431427002
368,24.818096160888672,1.0865554809570312
369,29.089813232421875,1.8162705898284912
370,15.190671920776367,0.8714230060577393
371,8.836922645568848,0.5599331855773926
372,29.761127471923828,1.8080360889434814
373,23.84611701965332,1.241539716720581
374,24.51753807067871,1.1315057277679443
375,26.173505783081055,1.8821427822113037
376,16.18958282470703,1.0488831996917725
377,22.434213638305664,1.0318763256072998
378,28.603425979614258,1.914306640625
379,20.833736419677734,1.8876211643218994
380,13.066141128540039,0.9883425235748291
381,23.807357788085938,1.6264069080352783
382,14.56756591796875,0.708594799041748
383,33.34584045410156,1.8111822605133057
384,32.84326171875,1.687772512435913
385,30.614212036132812,1.8345472812652588
386,22.439645767211914,1.0902256965637207
387,34.65052795410156,1.700430154800415
388,19.161937713623047,1.5432047843933105
389,22.840055465698242,1.1826269626617432
390,13.206418991088867,0.5353000164031982
391,23.665241241455078,1.2735145092010498
392,26.52457046508789,1.6362926959991455
393,30.434566497802734,1.7197434902191162
394,29.450611114501953,1.9466588497161865
395,15.459381103515625,0.6398959159851074
396,25.18319320678711,1.0638833045959473
397,15.364311218261719,1.1278600692749023
398,13.423323631286621,0.7087924480438232
399,16.180625915527344,0.6105961799621582
400,19.712814331054688,1.3128464221954346
401,24.961809158325195,1.0292646884918213
402,14.6632719039917,0.8793783187866211
403,13.836174011230469,0.5706143379211426
404,29.632179260253906,1.4976308345794678
405,15.454178810119629,0.9284543991088867
406,18.467227935791016,1.1748325824737549
407,25.509916305541992,1.7860639095306396
408,16.05337905883789,1.036346197128296
409,35.83889389038086,1.6429214477539062
410,22.84380340576172,1.940251350402832
411,29.580036163330078,1.9794106483459473
412,11.592182159423828,0.5475540161132812
413,17.622533798217773,1.0351498126983643
414,37.66046142578125,1.7283267974853516
415,17.56966209411621,0.7532806396484375
416,33.44135284423828,2.165602684020996
417,29.139175415039062,1.4002206325531006
418,26.97145652770996,1.7507047653198242
419,11.126852035522461,0.6531891822814941
420,7.985891819000244,0.6462368965148926
421,25.516260147094727,1.5015108585357666
422,30.55312156677246,1.5016391277313232
423,26.845596313476562,1.840623378753662
424,27.963947296142578,1.2920913696289062
425,27.223697662353516,1.9588513374328613
426,31.328060150146484,1.7242999076843262
427,25.864160537719727,1.7645039558410645
428,26.94437026977539,2.024632215499878
429,19.67911148071289,0.9616732597351074
430,31.744319915771484,2.016258716583252
431,23.774295806884766,1.7769694328308105
432,22.226566314697266,1.825598955154419
433,32.20502471923828,1.9226810932159424
434,24.681316375732422,1.4301002025604248
435,19.895051956176758,1.317155361175537
436,23.185630798339844,0.904242992401123
437,28.817007064819336,1.2161469459533691
438,21.737934112548828,1.4461967945098877
439,13.183889389038086,0.7313272953033447
440,31.06110382080078,1.8071987628936768
441,27.166210174560547,1.9069240093231201
442,22.659446716308594,1.0805158615112305
443,22.216060638427734,0.9651226997375488
444,15.310458183288574,0.853471040725708
445,20.210830688476562,0.8595223426818848
446,22.319934844970703,1.483217716217041
447,11.469425201416016,0.6299519538879395
448,28.81705665588379,1.735243320465088
449,19.08942413330078,1.2398114204406738
450,21.845043182373047,1.2203614711761475
451,27.455093383789062,1.2974035739898682
452,26.57465171813965,1.9220073223114014
453,13.08875846862793,0.5320208072662354
454,19.16417121887207,1.3277037143707275
455,31.453514099121094,1.9401109218597412
456,10.452239036560059,0.532095193862915
457,26.467384338378906,1.8750126361846924
458,27.102153778076172,1.7040202617645264
459,23.97867202758789,2.119997024536133
460,18.178646087646484,1.2995264530181885
461,11.130505561828613,0.8412754535675049
462,12.605106353759766,0.8392660617828369
463,18.10685920715332,0.7548987865447998
464,25.854877471923828,1.239691972732544
465,12.386130332946777,0.632056713104248
466,12.882232666015625,0.5343148708343506
467,19.755661010742188,0.789635419845581
468,16.120128631591797,0.8103241920471191
469,25.797849655151367,1.7260775566101074
470,27.104902267456055,1.419517993927002
471,23.124635696411133,1.58123779296875
472,26.720367431640625,1.1558582782745361
473,23.81589698791504,0.9722294807434082
474,28.220788955688477,1.291111946105957
475,24.85879135131836,1.9265062808990479
476,20.63253402709961,2.038557767868042
477,25.10120391845703,1.8157260417938232
478,24.972827911376953,1.5617833137512207
479,27.12844467163086,1.9846327304840088
480,29.665754318237305,1.985018253326416
481,20.100793838500977,1.4817934036254883
482,10.377628326416016,0.5646765232086182
483,25.97186851501465,1.8634791374206543
484,21.050128936767578,1.449967861175537
485,24.307769775390625,1.3167855739593506
486,20.145263671875,1.4658310413360596
487,36.916160583496094,1.8140754699707031
488,25.65090560913086,1.2748265266418457
489,15.521703720092773,0.7930700778961182
490,20.867687225341797,1.6229581832885742
491,17.845550537109375,1.1937921047210693
492,15.91077709197998,0.9944396018981934
493,29.63886833190918,1.9819424152374268
494,27.835132598876953,1.5859549045562744
495,23.422067642211914,1.7011404037475586
496,22.511634826660156,1.3040947914123535
497,17.293214797973633,1.2216746807098389
498,17.243896484375,1.102766513824463
499,21.405521392822266,1.683584451675415
500,10.383352279663086,1.0589561462402344
501,7.051068305969238,0.6376848220825195
502,20.445438385009766,1.6991605758666992
503,21.17560577392578,1.7308688163757324
504,15.073126792907715,1.4330813884735107
505,13.334957122802734,0.7300422191619873
506,34.50708770751953,1.935218334197998
507,13.759724617004395,1.7421379089355469
508,18.538619995117188,0.7652428150177002
509,15.769805908203125,1.693904161453247
510,19.56342887878418,0.6121044158935547
511,18.035560607910156,1.8097643852233887
512,42.75774383544922,1.6714372634887695
513,14.70185661315918,1.0902984142303467
514,14.903944969177246,1.3249092102050781
515,21.481901168823242,1.318772554397583
516,7.93458890914917,0.5270757675170898
517,19.02072525024414,1.584989309310913
518,12.677069664001465,1.243718147277832
519,8.123282432556152,0.7629752159118652
520,31.650848388671875,1.2441976070404053
521,7.991230487823486,0.6627211570739746
522,12.574454307556152,1.2164523601531982
523,8.537062644958496,0.7384490966796875
524,15.596887588500977,1.6401705741882324
525,11.932661056518555,0.6717028617858887
526,15.173718452453613,1.8281137943267822
527,9.540878295898438,0.9318065643310547
528,13.205655097961426,1.0264508724212646
529,15.076745986938477,1.7689952850341797
530,13.795010566711426,1.406097650527954
531,35.10783386230469,0.8665142059326172
532,11.925125122070312,1.352128028869629
533,14.22387981414795,1.0812666416168213
534,12.503650665283203,1.6023342609405518
535,15.80450439453125,2.0365407466888428
536,9.383699417114258,0.661475658416748
537,12.241742134094238,1.2684614658355713
538,16.314029693603516,1.1517581939697266
539,10.989087104797363,1.0072431564331055
540,14.781999588012695,1.0316579341888428
541,32.624298095703125,1.8425395488739014
542,15.211491584777832,1.7957024574279785
543,25.077194213867188,1.5835139751434326
544,13.003085136413574,0.8643455505371094
545,10.309974670410156,0.8751122951507568
546,12.067861557006836,1.284339427947998
547,15.794278144836426,1.7842884063720703
548,12.967323303222656,0.7825736999511719
549,13.09405517578125,0.9523000717163086
550,6.9677300453186035,0.5224976539611816
551,15.569772720336914,2.054377555847168
552,16.62350082397461,1.856111764907837
553,12.72021484375,1.088564157485962
554,8.789995193481445,0.6261019706726074
555,12.158146858215332,1.1517233848571777
556,47.15473556518555,2.1537508964538574
557,19.91613006591797,1.6287837028503418
558,12.536833763122559,0.8595547676086426
559,25.618698120117188,1.9282891750335693
560,12.207743644714355,0.8405337333679199
561,8.426950454711914,0.7650871276855469
562,12.68175220489502,1.5030670166015625
563,18.61859893798828,1.0894160270690918
564,11.44420051574707,1.3324387073516846
565,10.425999641418457,0.7589166164398193
566,9.280248641967773,0.8290572166442871
567,9.531163215637207,0.8440403938293457
568,18.079870223999023,1.9721031188964844
569,19.184358596801758,0.9944825172424316
570,16.057125091552734,1.6303925514221191
571,12.714204788208008,1.7366342544555664
572,11.884352684020996,1.4956650733947754
573,12.071294784545898,0.9974658489227295
574,16.44542694091797,1.7859704494476318
575,15.79654312133789,1.026313304901123
576,8.103671073913574,0.816648006439209
577,5.849414825439453,0.7845885753631592
578,10.471471786499023,1.1922540664672852
579,13.788524627685547,1.9959897994995117
580,28.512340545654297,2.1494498252868652
581,17.659231185913086,1.6388649940490723
582,15.848516464233398,2.0413458347320557
583,8.541748046875,0.6997201442718506
584,5.283131122589111,0.7288320064544678
585,16.289627075195312,1.267848253250122
586,16.777408599853516,1.8974826335906982
587,7.903970718383789,0.8959395885467529
588,17.288959503173828,1.421553134918213
589,18.774255752563477,1.4732418060302734
590,20.502771377563477,1.7275137901306152
591,16.36821746826172,1.8291358947753906
592,45.26032257080078,1.9550268650054932
593,11.077178001403809,0.8833858966827393
594,9.412697792053223,0.969186544418335
595,8.86092758178711,0.5106837749481201
596,9.97651481628418,0.5636610984802246
597,23.053070068359375,1.1214699745178223
598,36.184139251708984,1.8608222007751465
599,10.069995880126953,0.9138495922088623
600,17.53237533569336,1.8952362537384033
601,11.012004852294922,1.446502447128296
602,13.492647171020508,1.661862850189209
603,42.883235931396484,1.9641220569610596
604,18.962257385253906,1.631561517715454
605,17.786203384399414,1.499115228652954
606,14.883842468261719,1.498154640197754
607,5.887509346008301,0.6391339302062988
608,13.324966430664062,1.337602138519287
609,14.573627471923828,1.0255951881408691
610,20.17923927307129,1.5669448375701904
611,27.38365936279297,1.1917331218719482
612,11.811103820800781,1.1781411170959473
613,9.96859359741211,0.8147087097167969
614,11.349288940429688,1.210740566253662
615,17.792526245117188,2.0565152168273926
616,21.451946258544922,1.3059744834899902
617,35.6906623840332,1.9191253185272217
618,7.799416542053223,0.6752970218658447
619,15.245718002319336,1.852846622467041
620,16.54833221435547,1.3992030620574951
621,21.048181533813477,1.0937952995300293
622,11.693050384521484,0.8667442798614502
623,26.202817916870117,1.983828067779541
624,6.563592910766602,0.6254212856292725
625,8.277260780334473,0.8510308265686035
626,18.048725128173828,1.457857370376587
627,9.295140266418457,1.0508034229278564
628,10.070165634155273,0.8982288837432861
629,14.621175765991211,0.7908933162689209
630,13.75770092010498,1.431314468383789
631,12.340688705444336,0.6144299507141113
632,9.758440017700195,1.0020737648010254
633,21.917327880859375,1.4638001918792725
634,27.704322814941406,1.2296912670135498
635,14.534672737121582,1.432196855545044
636,12.208494186401367,1.1384525299072266
637,15.300715446472168,0.7757070064544678
638,20.706050872802734,1.2905797958374023
639,23.36269187927246,1.473750114440918
640,6.847739219665527,0.6272244453430176
641,11.998010635375977,1.2386658191680908
642,18.38509750366211,1.6430473327636719
643,34.774803161621094,1.3611295223236084
644,14.250041961669922,1.239530086517334
645,15.653290748596191,0.917773962020874
646,18.419082641601562,1.9993913173675537
647,10.778411865234375,0.9232137203216553
648,13.834027290344238,1.9204418659210205
649,8.311566352844238,0.6728954315185547
650,39.102989196777344,1.7012014389038086
651,11.079154968261719,1.1083629131317139
652,8.098775863647461,0.6053628921508789
653,16.536354064941406,1.5898041725158691
654,7.551391124725342,0.5120835304260254
655,20.8244571685791,0.9409229755401611
656,10.966411590576172,0.8182969093322754
657,27.52517318725586,1.6565215587615967
658,40.875709533691406,1.1961126327514648
659,14.865126609802246,1.4607129096984863
660,8.610029220581055,0.7257652282714844
661,18.574453353881836,2.1434593200683594
662,9.610580444335938,0.8331995010375977
663,12.462444305419922,1.6114428043365479
664,12.557589530944824,1.7404389381408691
665,16.95191764831543,1.4022905826568604
666,14.399126052856445,1.8077507019042969
667,19.653308868408203,1.1601803302764893
668,32.568870544433594,1.9856088161468506
669,17.283370971679688,1.2473719120025635
670,35.127906799316406,1.8844597339630127
671,21.486572265625,1.957341194152832
672,14.32414722442627,1.4246618747711182
673,7.016737461090088,0.5423064231872559
674,15.299369812011719,1.6360299587249756
675,17.675634384155273,1.98651123046875
676,23.740154266357422,1.6178350448608398
677,12.002167701721191,1.2327425479888916
678,18.268564224243164,1.5653941631317139
679,12.574261665344238,0.6867189407348633
680,20.321796417236328,1.4849121570587158
681,6.137765884399414,0.6546962261199951
682,14.211858749389648,1.7316513061523438
683,15.806154251098633,1.9049835205078125
684,30.349315643310547,2.0744800567626953
685,16.108707427978516,1.6259770393371582
686,8.459339141845703,0.5297765731811523
687,11.793135643005371,0.7657859325408936
688,9.263856887817383,1.1899628639221191
689,17.637182235717773,1.70113205909729
690,32.49824905395508,1.8257536888122559
691,19.710384368896484,1.3135466575622559
692,20.00974464416504,1.5081772804260254
693,11.929205894470215,0.602393627166748
694,18.31192398071289,1.9280624389648438
695,16.399517059326172,1.473280906677246
696,13.698312759399414,1.649144172668457
697,8.567763328552246,0.7829720973968506
698,12.103960037231445,1.3966174125671387
699,13.425179481506348,1.6139092445373535
700,13.370871543884277,1.3498337268829346
701,15.530670166015625,1.5932965278625488
702,13.049287796020508,0.7134647369384766
703,7.666728973388672,0.6076517105102539
704,14.646719932556152,1.3969707489013672
705,12.552978515625,0.6086268424987793
706,19.348955154418945,2.020853281021118
707,7.8972859382629395,0.8788490295410156
708,22.291893005371094,2.3565142154693604
709,12.6583251953125,1.2116529941558838
710,12.057788848876953,0.728402853012085
711,9.769290924072266,1.0470728874206543
712,7.749048709869385,0.8811914920806885
713,10.492522239685059,1.025709867477417
714,11.950632095336914,1.4292120933532715
715,21.996807098388672,1.818485975265503
716,28.709768295288086,1.6437551975250244
717,13.132776260375977,1.4428164958953857
718,16.24205780029297,2.1280300617218018
719,11.188055992126465,1.3475980758666992
720,31.19536590576172,1.80391263961792
721,10.080831527709961,0.7434976100921631
722,40.64432144165039,1.9542334079742432
723,16.57061004638672,1.4606449604034424
724,9.897547721862793,0.9107720851898193
725,28.678516387939453,0.8851301670074463
726,19.963104248046875,1.8137133121490479
727,23.460861206054688,1.77056884765625
728,12.213247299194336,1.2041854858398438
729,11.238401412963867,1.5657775402069092
730,15.336540222167969,1.8049566745758057
731,16.46234893798828,0.8977980613708496
732,10.793668746948242,1.1226766109466553
733,18.626293182373047,1.6007182598114014
734,9.734092712402344,0.5887064933776855
735,7.0753068923950195,0.7318375110626221
736,9.074186325073242,0.7320303916931152
737,27.367446899414062,1.7554266452789307
738,20.287639617919922,2.2619543075561523
739,33.51961135864258,2.0692172050476074
740,13.177022933959961,1.603074550628662
741,7.213058948516846,0.6844966411590576
742,14.880839347839355,1.725541114807129
743,12.564023971557617,1.3437328338623047
744,20.558448791503906,1.6267576217651367
745,18.410049438476562,1.9810960292816162
746,28.31016731262207,1.6261990070343018
747,18.069610595703125,1.8687889575958252
748,18.176513671875,1.2743520736694336
749,11.216036796569824,0.9730870723724365
750,14.13910961151123,1.0912156105041504
751,15.010889053344727,1.440631628036499
752,12.120867729187012,0.850738525390625
753,40.03889846801758,1.811225175857544
754,19.148090362548828,1.9120521545410156
755,16.404478073120117,1.973196268081665
756,29.570466995239258,1.7884490489959717
757,12.62544059753418,1.350926399230957
758,17.419002532958984,2.022632360458374
759,9.247148513793945,0.7302687168121338
760,10.575502395629883,1.1289279460906982
761,16.929149627685547,1.9475922584533691
762,12.675787925720215,1.4516282081604004
763,15.680631637573242,2.083479404449463
764,16.5727596282959,1.2202715873718262
765,23.509342193603516,2.233107566833496
766,24.596744537353516,1.848599910736084
767,7.917851448059082,0.8245432376861572
768,7.325566291809082,0.5538663864135742
769,17.148319244384766,0.9904885292053223
770,17.32614517211914,1.421813726425171
771,9.418468475341797,0.8386416435241699
772,17.891189575195312,1.590406894683838
773,17.823253631591797,1.9312748908996582
774,13.145170211791992,0.7403097152709961
775,20.296062469482422,1.0619609355926514
776,21.094982147216797,1.302678108215332
777,14.717975616455078,0.9325344562530518
778,26.477584838867188,1.1804559230804443
779,15.893040657043457,0.9060513973236084
780,13.083484649658203,1.2416636943817139
781,24.83713722229004,2.088980197906494
782,55.01662826538086,1.7546048164367676
783,10.355085372924805,0.9385426044464111
784,33.546363830566406,1.9271399974822998
785,13.71938705444336,1.6688978672027588
786,9.244629859924316,0.9565410614013672
787,14.363770484924316,1.5721476078033447
788,17.494037628173828,0.6071336269378662
789,13.757073402404785,1.046288013458252
790,20.1960391998291,1.2587480545043945
791,45.406028747558594,1.5964467525482178
792,67.39030456542969,1.9312734603881836
793,16.817222595214844,2.078162431716919
794,12.458049774169922,0.5573899745941162
795,18.54669761657715,1.8808612823486328
796,7.882807731628418,0.5663051605224609
797,9.75340747833252,1.174489974975586
798,14.878061294555664,1.7354445457458496
799,17.972118377685547,1.7764854431152344
800,24.022335052490234,1.1947343349456787
801,15.210958480834961,1.8307580947875977
802,63.77091979980469,2.256740093231201
803,13.584598541259766,1.7836823463439941
804,18.355207443237305,1.5283105373382568
805,14.505680084228516,1.5843238830566406
806,14.5169095993042,1.5589349269866943
807,15.584152221679688,1.85856032371521
808,22.86559295654297,1.7393646240234375
809,12.851997375488281,1.3812856674194336
810,22.48412322998047,1.2652864456176758
811,13.972668647766113,1.3542494773864746
812,22.975730895996094,1.824345588684082
813,11.535573959350586,0.8239030838012695
814,14.145282745361328,1.8427648544311523
815,15.288436889648438,1.4461946487426758
816,23.956289291381836,1.9002487659454346
817,18.898637771606445,1.6151998043060303
818,13.269735336303711,1.229017734527588
819,12.864307403564453,1.635676622390747
820,24.41647720336914,1.0620956420898438
821,14.830348014831543,1.3624944686889648
822,24.018314361572266,1.959935188293457
823,13.131292343139648,0.7112834453582764
824,22.658313751220703,1.9056651592254639
825,34.01530456542969,1.9129154682159424
826,12.110365867614746,1.0390095710754395
827,8.330268859863281,0.6645584106445312
828,21.989643096923828,1.675832986831665
829,8.810422897338867,1.041851282119751
830,25.122020721435547,0.7715330123901367
831,13.857901573181152,1.230968713760376
832,14.945136070251465,1.6901147365570068
833,13.884963989257812,1.422877311706543
834,19.194171905517578,1.7486417293548584
835,14.189764022827148,1.0375096797943115
836,23.31512451171875,1.8715910911560059
837,15.069923400878906,0.8146986961364746
838,23.959739685058594,2.2921037673950195
839,15.151622772216797,0.8890724182128906
840,15.336071014404297,1.2559783458709717
841,15.368843078613281,1.5300791263580322
842,23.137712478637695,0.8780596256256104
843,14.916027069091797,1.8237237930297852
844,24.283906936645508,1.0160930156707764
845,14.460000991821289,1.3573899269104004
846,9.579751968383789,0.7055120468139648
847,12.342948913574219,1.155968189239502
848,16.001174926757812,1.5857858657836914
849,14.899322509765625,1.0362303256988525
850,15.922261238098145,0.9097671508789062
851,12.78870964050293,0.5469512939453125
852,14.931535720825195,1.7582781314849854
853,27.593647003173828,1.7242114543914795
854,14.03036880493164,1.0705819129943848
855,14.783235549926758,1.640592336654663
856,14.290273666381836,1.4181418418884277
857,15.537310600280762,1.0821783542633057
858,19.647802352905273,1.7359657287597656
859,13.43049144744873,1.0935330390930176
860,22.485355377197266,1.4205374717712402
861,11.426334381103516,0.7747740745544434
862,5.792616367340088,0.6287152767181396
863,17.978248596191406,1.0557093620300293
864,21.9804744720459,1.5509874820709229
865,37.375572204589844,1.6987030506134033
866,26.056562423706055,1.9389653205871582
867,9.765180587768555,1.1278984546661377
868,23.49388885498047,1.5210697650909424
869,11.235621452331543,0.9003193378448486
870,12.709708213806152,1.4154481887817383
871,9.920571327209473,0.8328652381896973
872,13.524867057800293,1.206728458404541
873,13.202810287475586,1.256194829940796
874,14.466116905212402,1.3282968997955322
875,12.770974159240723,0.8836596012115479
876,13.234140396118164,1.6174657344818115
877,9.612245559692383,0.8456277847290039
878,14.650178909301758,1.575087308883667
879,12.704338073730469,2.5545666217803955
880,23.76633071899414,1.9230718612670898
881,14.967844009399414,0.8562169075012207
882,15.078155517578125,1.7842950820922852
883,15.520406723022461,0.766556978225708
884,17.346826553344727,1.926978588104248
885,8.429896354675293,0.7618296146392822
886,43.81816101074219,1.4261276721954346
887,19.89397430419922,1.4323968887329102
888,17.86802101135254,0.8263027667999268
889,13.044708251953125,1.6614303588867188
890,40.83781814575195,1.352630853652954
891,11.546030044555664,1.114969253540039
892,18.75220489501953,1.0474305152893066
893,28.68736457824707,1.3603136539459229
894,15.426464080810547,0.8136844635009766
895,21.989505767822266,1.580033779144287
896,10.458527565002441,1.1817450523376465
897,18.572608947753906,1.8734357357025146
898,8.634239196777344,0.7351758480072021
899,17.488691329956055,2.2519617080688477
900,13.941412925720215,1.71846342086792
901,10.911733627319336,0.7943055629730225
902,36.852420806884766,1.2875168323516846
903,16.632556915283203,1.9042034149169922
904,23.72024154663086,1.8558955192565918
905,14.771594047546387,1.6040663719177246
906,23.873348236083984,1.8687167167663574
907,10.501041412353516,1.0914347171783447
908,10.622507095336914,1.3666107654571533
909,8.533882141113281,0.8712682723999023
910,21.342090606689453,1.0957472324371338
911,7.1042680740356445,0.7619807720184326
912,20.077880859375,1.8553273677825928
913,15.82828140258789,2.1756041049957275
914,24.458900451660156,1.552715539932251
915,17.172019958496094,1.5642213821411133
916,25.321277618408203,1.5520501136779785
917,13.258831977844238,1.4051399230957031
918,15.890947341918945,0.6646442413330078
919,12.331743240356445,1.127742052078247
920,25.70614242553711,1.6069955825805664
921,9.48806381225586,0.7324457168579102
922,11.13542366027832,1.0564382076263428
923,7.540066242218018,0.5820760726928711
924,43.029605865478516,1.4569780826568604
925,6.661136627197266,0.5019538402557373
926,17.356910705566406,1.6323490142822266
927,14.619059562683105,1.1712136268615723
928,19.228837966918945,1.9870140552520752
929,11.605558395385742,0.5696699619293213
930,37.39739990234375,1.890021800994873
931,9.913148880004883,1.2597761154174805
932,18.527809143066406,1.64559006690979
933,23.749855041503906,0.9387357234954834
934,20.601314544677734,1.8335587978363037
935,7.44608211517334,0.5974879264831543
936,7.520505905151367,0.7422430515289307
937,14.163962364196777,0.9259111881256104
938,6.660488605499268,0.5141947269439697
939,12.495363235473633,0.7209665775299072
940,14.088712692260742,1.6381077766418457
941,22.514324188232422,1.352010726928711
942,29.920166015625,1.8721518516540527
943,6.307573318481445,0.5201382637023926
944,27.532886505126953,2.078392505645752
945,13.850425720214844,0.5970511436462402
946,12.86003303527832,0.811558723449707
947,20.88201904296875,2.2572498321533203
948,13.881782531738281,1.3194324970245361
949,7.625161170959473,0.7244021892547607
950,6.546115875244141,0.8931632041931152
951,21.564167022705078,1.6258742809295654
952,73.1751708984375,1.7941985130310059
953,8.533058166503906,0.7696478366851807
954,10.925593376159668,0.5870730876922607
955,9.418329238891602,0.874330997467041
956,31.426532745361328,1.2110910415649414
957,13.334590911865234,1.7209093570709229
958,10.848658561706543,0.994959831237793
959,19.2989559173584,1.4125926494598389
960,20.342864990234375,1.4456374645233154
961,16.847911834716797,1.8681645393371582
962,9.594322204589844,1.2172870635986328
963,9.251602172851562,1.0660068988800049
964,13.20170783996582,0.9037976264953613
965,74.96109008789062,2.0651679039001465
966,13.345705032348633,1.6132786273956299
967,15.304010391235352,0.9743080139160156
968,7.958068370819092,0.5588126182556152
969,9.527438163757324,0.6644294261932373
970,10.767172813415527,1.1414759159088135
971,8.094234466552734,0.7170436382293701
972,17.501434326171875,1.557138204574585
973,7.524428844451904,0.6816320419311523
974,22.868757247924805,1.497584342956543
975,13.849382400512695,1.5284419059753418
976,8.795048713684082,0.9750430583953857
977,8.731987953186035,1.1917181015014648
978,28.04098892211914,1.352903127670288
979,13.605484008789062,1.9706165790557861
980,12.63582992553711,0.6567456722259521
981,20.973003387451172,1.0387682914733887
982,19.017616271972656,1.842294454574585
983,18.46153450012207,1.3076999187469482
984,13.776509284973145,1.4148099422454834
985,12.167470932006836,0.9475500583648682
986,13.229118347167969,0.7346663475036621
987,10.044027328491211,0.8939168453216553
988,18.960500717163086,1.9341812133789062
989,21.768218994140625,2.0704760551452637
990,9.91812801361084,1.270212173461914
991,50.520668029785156,1.6895029544830322
992,21.15186309814453,1.9418096542358398
993,6.7681965827941895,0.5800728797912598
994,9.39303207397461,0.817631721496582
995,10.46323013305664,0.8529777526855469
996,30.777191162109375,1.8108808994293213
997,22.530170440673828,1.1886498928070068
998,20.074432373046875,1.838003158569336
999,10.355917930603027,0.7815916538238525
