0,25.146995544433594,1.6097700595855713
1,14.479984283447266,0.44179558753967285
2,17.168331146240234,1.5064797401428223
3,27.979000091552734,1.6817381381988525
4,19.3702449798584,0.4577915668487549
5,22.783618927001953,1.1400084495544434
6,12.778125762939453,0.4061596393585205
7,33.24642562866211,1.6808478832244873
8,19.811235427856445,0.7678365707397461
9,27.98558807373047,1.1732656955718994
10,23.857341766357422,1.8235578536987305
11,11.938032150268555,0.49657344818115234
12,10.923554420471191,0.47420167922973633
13,24.971630096435547,0.7930870056152344
14,26.71996307373047,1.7374873161315918
15,31.297622680664062,1.3428213596343994
16,19.241422653198242,1.0822851657867432
17,31.924535751342773,1.4327101707458496
18,11.753074645996094,0.33341264724731445
19,21.029930114746094,0.8934037685394287
20,25.25829315185547,1.624800443649292
21,14.222551345825195,0.7663326263427734
22,18.17778778076172,0.6625676155090332
23,35.09232711791992,2.0195131301879883
24,19.272724151611328,0.9917089939117432
25,20.549407958984375,1.2224342823028564
26,19.234663009643555,1.549577236175537
27,27.49339485168457,1.1521131992340088
28,21.153358459472656,1.5093283653259277
29,14.240945816040039,0.36779022216796875
30,23.40866470336914,1.0075438022613525
31,18.001911163330078,0.6085491180419922
32,29.001140594482422,1.7226932048797607
33,13.38190746307373,0.19525599479675293
34,14.670167922973633,0.32831859588623047
35,25.017578125,1.7703235149383545
36,23.54207992553711,0.794182538986206
37,17.698564529418945,0.9756498336791992
38,17.73690414428711,0.7707066535949707
39,31.898616790771484,1.84114670753479
40,8.594247817993164,0.20658040046691895
41,12.664840698242188,0.41704583168029785
42,32.16202926635742,1.485131025314331
43,16.567386627197266,0.5807855129241943
44,23.700275421142578,1.702049970626831
45,28.103870391845703,1.4037013053894043
46,26.32183265686035,1.1538419723510742
47,14.061798095703125,0.3739187717437744
48,10.206685066223145,0.2957420349121094
49,25.12737274169922,1.5464801788330078
50,24.89425277709961,1.1306593418121338
51,24.567991256713867,0.7917976379394531
52,21.01603126525879,0.45761704444885254
53,19.106433868408203,0.6775186061859131
54,22.214519500732422,1.2420141696929932
55,22.268850326538086,0.9871792793273926
56,21.344738006591797,1.6838674545288086
57,14.613321304321289,0.8445613384246826
58,13.191441535949707,0.5284326076507568
59,22.423534393310547,1.405757188796997
60,11.282094955444336,0.19640350341796875
61,28.781982421875,1.1367740631103516
62,29.99114227294922,1.4477496147155762
63,26.97632598876953,1.1139116287231445
64,33.379058837890625,1.5967261791229248
65,19.190311431884766,0.45812392234802246
66,17.844623565673828,0.8260173797607422
67,30.170185089111328,1.8334946632385254
68,15.55883502960205,0.34893035888671875
69,21.342144012451172,0.9194188117980957
70,18.975006103515625,0.8022933006286621
71,27.69566535949707,0.8714039325714111
72,13.466611862182617,0.32124805450439453
73,15.398700714111328,1.472886562347412
74,25.645946502685547,1.5285017490386963
75,24.52729034423828,1.5887906551361084
76,22.619617462158203,0.7663726806640625
77,19.15709114074707,0.5526769161224365
78,28.841533660888672,1.1691436767578125
79,17.318876266479492,0.33982300758361816
80,15.739224433898926,0.35546302795410156
81,21.18852996826172,1.5290484428405762
82,28.143157958984375,1.0778582096099854
83,22.427417755126953,1.2532870769500732
84,17.330263137817383,0.4757072925567627
85,20.957170486450195,0.9733564853668213
86,10.237815856933594,0.3996756076812744
87,20.07046127319336,1.0392863750457764
88,27.392845153808594,1.5603959560394287
89,17.845149993896484,1.410109281539917
90,27.74525260925293,1.8766217231750488
91,19.576602935791016,0.8584468364715576
92,23.773717880249023,1.2816991806030273
93,18.80945587158203,0.6149322986602783
94,35.34994888305664,1.6049811840057373
95,20.127151489257812,1.4774208068847656
96,20.628101348876953,1.7919654846191406
97,15.767735481262207,0.4878082275390625
98,28.675630569458008,1.4105522632598877
99,34.48908233642578,1.6116819381713867
100,15.64436149597168,0.4415152072906494
101,24.129161834716797,0.868013858795166
102,18.58294677734375,0.4463212490081787
103,17.129032135009766,0.3389577865600586
104,17.919490814208984,1.201655626296997
105,25.224863052368164,1.1339492797851562
106,27.0069580078125,0.9668028354644775
107,13.794135093688965,0.42737245559692383
108,19.279630661010742,0.6562063694000244
109,19.054550170898438,0.5125970840454102
110,28.33000946044922,1.6413648128509521
111,28.837249755859375,1.7897963523864746
112,14.319210052490234,0.3232457637786865
113,20.6865234375,1.2443809509277344
114,17.52662467956543,1.29475998878479
115,24.740535736083984,0.7274739742279053
116,23.428115844726562,0.9247012138366699
117,25.174062728881836,1.517895221710205
118,27.41905403137207,1.0368177890777588
119,14.884542465209961,0.40786218643188477
120,24.752788543701172,0.8822627067565918
121,19.677534103393555,0.9342916011810303
122,27.079259872436523,1.5867609977722168
123,9.611639022827148,0.39811110496520996
124,23.0350341796875,0.7924373149871826
125,24.67990493774414,0.933258056640625
126,25.98564338684082,0.8112852573394775
127,18.794666290283203,1.0671234130859375
128,30.95992088317871,1.7740848064422607
129,20.94753646850586,1.2665488719940186
130,31.924556732177734,0.8702230453491211
131,28.743175506591797,1.0945384502410889
132,19.326066970825195,1.894036054611206
133,27.71955680847168,1.924597978591919
134,29.34253692626953,0.8937580585479736
135,19.401012420654297,0.6878266334533691
136,13.889702796936035,0.3144364356994629
137,27.053741455078125,1.8554656505584717
138,16.46586799621582,0.6572957038879395
139,21.635873794555664,0.7957291603088379
140,28.335044860839844,0.8165733814239502
141,25.39251708984375,0.9635946750640869
142,16.693071365356445,0.29435300827026367
143,22.199996948242188,0.9744484424591064
144,21.999454498291016,1.1578328609466553
145,20.57807159423828,0.7223448753356934
146,18.811317443847656,1.5544226169586182
147,19.754383087158203,1.054051399230957
148,21.54522705078125,0.9256458282470703
149,9.473044395446777,0.20969128608703613
150,24.142343521118164,0.5380446910858154
151,19.171541213989258,0.7244019508361816
152,23.828874588012695,1.4884545803070068
153,26.43198013305664,1.522562026977539
154,25.490644454956055,1.6487271785736084
155,22.55809211730957,1.8373746871948242
156,33.697914123535156,1.7419955730438232
157,22.885677337646484,0.8803911209106445
158,18.749706268310547,1.333216667175293
159,22.48402214050293,1.4286139011383057
160,19.11636734008789,1.1337497234344482
161,29.106365203857422,0.8287110328674316
162,20.550600051879883,0.958245038986206
163,11.264175415039062,0.40728282928466797
164,15.726564407348633,0.7624831199645996
165,25.25368881225586,1.6764802932739258
166,30.953441619873047,1.66949462890625
167,25.66826629638672,1.050506353378296
168,16.33692169189453,0.9179401397705078
169,10.315849304199219,0.27068400382995605
170,23.614521026611328,0.8609986305236816
171,17.28023338317871,1.1981592178344727
172,27.984989166259766,1.053579568862915
173,15.096516609191895,0.27008795738220215
174,16.496553421020508,0.7455880641937256
175,24.07552146911621,1.804328441619873
176,18.028270721435547,0.44160008430480957
177,22.496458053588867,1.3373005390167236
178,9.29994010925293,0.30908989906311035
179,19.309926986694336,0.6612093448638916
180,23.763418197631836,1.5810480117797852
181,15.515195846557617,0.6892690658569336
182,32.51492691040039,1.6203460693359375
183,26.113718032836914,1.1947414875030518
184,28.79987335205078,1.3111004829406738
185,30.572757720947266,1.6942532062530518
186,26.022871017456055,1.1523077487945557
187,19.523027420043945,0.42017102241516113
188,18.742597579956055,1.2627906799316406
189,35.13603210449219,1.6236834526062012
190,25.156543731689453,1.2443499565124512
191,21.42713737487793,1.7641375064849854
192,29.700786590576172,1.5637245178222656
193,26.212120056152344,1.014868974685669
194,19.845932006835938,0.9459083080291748
195,7.823934555053711,0.21205782890319824
196,22.551986694335938,0.9489121437072754
197,21.54628562927246,0.6325027942657471
198,25.252166748046875,1.402587890625
199,18.957637786865234,0.80545973777771
200,20.52043914794922,0.9531879425048828
201,18.17284393310547,0.7075150012969971
202,22.062549591064453,1.5990288257598877
203,17.359357833862305,0.7775061130523682
204,18.06447982788086,0.7633490562438965
205,25.534360885620117,0.7404844760894775
206,25.913509368896484,0.8170759677886963
207,9.621546745300293,0.3358786106109619
208,30.54391860961914,1.4384386539459229
209,32.141212463378906,1.499495267868042
210,28.482589721679688,1.7971971035003662
211,17.878795623779297,0.7667045593261719
212,13.765281677246094,0.33562350273132324
213,30.520889282226562,1.3286888599395752
214,18.815095901489258,0.6608808040618896
215,16.814640045166016,0.7723093032836914
216,19.824230194091797,1.5719432830810547
217,21.356691360473633,1.2256505489349365
218,26.99520492553711,1.5313701629638672
219,21.83660125732422,1.826037883758545
220,25.69860076904297,1.1140251159667969
221,10.724905967712402,0.19888615608215332
222,28.629776000976562,1.6354115009307861
223,32.13248062133789,1.9650132656097412
224,15.254260063171387,0.2630126476287842
225,36.793670654296875,1.8406221866607666
226,24.86148452758789,1.506751298904419
227,24.249235153198242,1.7860498428344727
228,17.009769439697266,1.2522056102752686
229,32.01645278930664,1.908189296722412
230,27.541770935058594,1.2093496322631836
231,27.763484954833984,1.8443896770477295
232,35.31034469604492,1.5067694187164307
233,19.943880081176758,0.616570234298706
234,23.674001693725586,1.8310761451721191
235,17.382856369018555,0.6832668781280518
236,16.014476776123047,0.8084533214569092
237,21.31890869140625,0.6325969696044922
238,22.897510528564453,1.2500951290130615
239,13.870010375976562,0.4243321418762207
240,23.712512969970703,1.8133833408355713
241,24.688583374023438,1.0694866180419922
242,16.174888610839844,0.9353907108306885
243,12.447441101074219,0.48513174057006836
244,20.990863800048828,1.3825922012329102
245,16.848670959472656,0.6038897037506104
246,26.617042541503906,0.9792234897613525
247,23.591869354248047,0.8764386177062988
248,36.755001068115234,1.8595287799835205
249,16.483627319335938,0.6287946701049805
250,22.267948150634766,1.7865312099456787
251,9.402653694152832,0.19902348518371582
252,27.748905181884766,1.4218707084655762
253,31.691410064697266,1.7717170715332031
254,15.968889236450195,0.5565898418426514
255,14.187807083129883,0.9349730014801025
256,10.983284950256348,0.2915058135986328
257,13.442997932434082,1.3226134777069092
258,23.00644302368164,1.700969934463501
259,24.967554092407227,1.607395887374878
260,25.06842803955078,1.8552837371826172
261,14.604352951049805,0.41492462158203125
262,17.00572967529297,0.847553014755249
263,29.423429489135742,1.3243119716644287
264,15.306872367858887,0.38976597785949707
265,20.132686614990234,0.7895362377166748
266,12.99290943145752,0.47048282623291016
267,15.392757415771484,0.5541491508483887
268,25.003902435302734,1.4213204383850098
269,23.70768165588379,1.7689242362976074
270,14.715934753417969,0.37964868545532227
271,26.17978286743164,1.377619981765747
272,20.010818481445312,0.7230374813079834
273,20.877498626708984,0.5594189167022705
274,22.61867904663086,0.7341089248657227
275,21.324892044067383,1.6665518283843994
276,14.854715347290039,0.9518485069274902
277,19.870847702026367,0.9408514499664307
278,26.101957321166992,0.747173547744751
279,22.024721145629883,1.0174293518066406
280,24.490478515625,1.2121167182922363
281,23.830974578857422,1.0009734630584717
282,22.21631622314453,1.1308670043945312
283,22.03538703918457,1.345855712890625
284,26.077075958251953,1.3168578147888184
285,13.53961181640625,0.4138219356536865
286,22.13872718811035,1.7683515548706055
287,26.829153060913086,1.304358959197998
288,24.43441390991211,1.6673026084899902
289,18.96015167236328,1.4543490409851074
290,30.174039840698242,0.9886424541473389
291,21.32516860961914,0.7747237682342529
292,7.269734859466553,0.19176650047302246
293,17.739219665527344,0.8255772590637207
294,15.641036033630371,1.0554304122924805
295,13.522420883178711,0.4584014415740967
296,13.49510669708252,0.4437131881713867
297,19.310317993164062,0.5149948596954346
298,21.55138397216797,1.587432622909546
299,23.837299346923828,1.625708818435669
300,11.821357727050781,0.3134584426879883
301,21.658409118652344,1.572187900543213
302,18.022985458374023,1.3235876560211182
303,13.214485168457031,0.37421679496765137
304,20.241722106933594,1.2999813556671143
305,11.646200180053711,0.251021146774292
306,27.373123168945312,1.4135921001434326
307,32.89952850341797,1.4274938106536865
308,19.6965389251709,0.817467451095581
309,30.938390731811523,1.7374267578125
310,31.07801628112793,1.396850347518921
311,22.552162170410156,0.8734397888183594
312,11.88817024230957,0.29596638679504395
313,24.81070327758789,1.2996232509613037
314,18.747478485107422,0.3231773376464844
315,21.07087516784668,1.3834047317504883
316,17.88930320739746,0.44442296028137207
317,26.187789916992188,0.9325342178344727
318,25.610898971557617,1.4157979488372803
319,22.78033447265625,1.061601161956787
320,17.908512115478516,0.5105202198028564
321,27.171302795410156,1.054671049118042
322,20.011051177978516,0.8362700939178467
323,24.425315856933594,1.8794612884521484
324,15.790677070617676,0.31667017936706543
325,17.697193145751953,0.6498942375183105
326,15.256356239318848,0.6024003028869629
327,20.844953536987305,1.2610054016113281
328,26.08338165283203,1.451700210571289
329,14.491804122924805,0.24198031425476074
330,16.757091522216797,0.6838314533233643
331,23.542232513427734,0.8704257011413574
332,22.537620544433594,1.5902550220489502
333,12.506131172180176,0.2083587646484375
334,12.23162841796875,0.2987809181213379
335,34.111732482910156,1.4329679012298584
336,13.04508113861084,0.4592154026031494
337,17.58877182006836,0.4773268699645996
338,16.20445442199707,0.7702579498291016
339,13.192111015319824,0.24605226516723633
340,23.272132873535156,1.6307563781738281
341,26.195247650146484,1.4535956382751465
342,21.156017303466797,0.5924482345581055
343,24.744815826416016,1.6138978004455566
344,21.80291748046875,1.7504661083221436
345,18.05215835571289,0.49109959602355957
346,20.556682586669922,1.4478867053985596
347,27.3106689453125,1.3773608207702637
348,19.275177001953125,0.8307514190673828
349,18.671154022216797,0.4949488639831543
350,20.47559356689453,0.43352389335632324
351,10.150672912597656,0.2581777572631836
352,18.429996490478516,1.617793083190918
353,18.35982322692871,0.9862034320831299
354,29.67920684814453,1.2380948066711426
355,30.929378509521484,1.1214470863342285
356,22.659915924072266,0.6076853275299072
357,17.482894897460938,1.4854457378387451
358,25.645282745361328,0.9789361953735352
359,26.302501678466797,1.1434297561645508
360,28.509248733520508,1.8825628757476807
361,15.213869094848633,0.4533379077911377
362,23.966846466064453,1.4295320510864258
363,13.72370433807373,0.35085463523864746
364,25.493621826171875,1.5668561458587646
365,22.690988540649414,0.7654068470001221
366,20.72539710998535,1.0296335220336914
367,19.088178634643555,1.3461062908172607
368,25.858795166015625,0.710024356842041
369,27.33187484741211,1.6481177806854248
370,15.504530906677246,0.5796773433685303
371,9.573562622070312,0.26038432121276855
372,28.652084350585938,1.5213792324066162
373,23.477510452270508,0.9956879615783691
374,24.802404403686523,0.939305305480957
375,24.037094116210938,1.6237473487854004
376,16.425838470458984,0.7906606197357178
377,23.370426177978516,0.7778127193450928
378,24.980985641479492,1.6639807224273682
379,17.492965698242188,1.7318580150604248
380,13.49539566040039,0.7090482711791992
381,22.961101531982422,1.2988698482513428
382,15.11410140991211,0.4126451015472412
383,32.081443786621094,1.6483831405639648
384,29.794490814208984,1.516300916671753
385,28.607837677001953,1.5828917026519775
386,22.66006088256836,0.8324027061462402
387,34.31468963623047,1.5839309692382812
388,18.599315643310547,1.249434232711792
389,22.212169647216797,0.9464023113250732
390,13.578545570373535,0.22899699211120605
391,24.149309158325195,0.9056634902954102
392,24.54330062866211,1.4630398750305176
393,29.321548461914062,1.5354197025299072
394,26.276119232177734,1.6838951110839844
395,15.582891464233398,0.3251376152038574
396,24.99353790283203,0.826038122177124
397,15.361242294311523,0.7419812679290771
398,13.936664581298828,0.411393404006958
399,17.04000473022461,0.35129427909851074
400,18.867828369140625,1.0925168991088867
401,24.81549072265625,0.6664395332336426
402,15.13470458984375,0.6097252368927002
403,13.805929183959961,0.31288933753967285
404,30.27086639404297,1.209918737411499
405,15.463863372802734,0.6492705345153809
406,18.900634765625,0.9444296360015869
407,24.158931732177734,1.563157558441162
408,16.19088363647461,0.7638258934020996
409,34.53953552246094,1.1977434158325195
410,20.912220001220703,1.671325922012329
411,25.719200134277344,1.8340671062469482
412,12.551104545593262,0.21694278717041016
413,17.566184997558594,0.6311225891113281
414,35.353065490722656,1.5717904567718506
415,18.753734588623047,0.4476206302642822
416,30.848567962646484,1.8150978088378906
417,28.212419509887695,0.9905273914337158
418,25.524444580078125,1.4097797870635986
419,11.424005508422852,0.38254809379577637
420,8.587543487548828,0.22814440727233887
421,24.380990982055664,1.312274694442749
422,29.00857162475586,1.262702465057373
423,24.995319366455078,1.6537935733795166
424,26.57668685913086,1.0442726612091064
425,24.394113540649414,1.8289551734924316
426,29.38109016418457,1.4008147716522217
427,23.485748291015625,1.5964338779449463
428,22.813316345214844,1.8594627380371094
429,19.831756591796875,0.5519039630889893
430,28.049589157104492,1.922128677368164
431,21.589649200439453,1.5945146083831787
432,21.40533447265625,1.5123536586761475
433,29.185548782348633,1.7860214710235596
434,24.111974716186523,1.210078239440918
435,18.966039657592773,1.0560014247894287
436,21.371749877929688,0.5784604549407959
437,29.41746711730957,1.0619351863861084
438,20.135847091674805,1.2547039985656738
439,13.279134750366211,0.31958818435668945
440,27.93987464904785,1.6190354824066162
441,24.35098648071289,1.7432432174682617
442,23.89887237548828,0.676652193069458
443,22.856714248657227,0.706279993057251
444,15.190816879272461,0.5678315162658691
445,21.852663040161133,0.45468640327453613
446,21.12879180908203,1.2722914218902588
447,11.682998657226562,0.3222780227661133
448,25.83346176147461,1.4745776653289795
449,19.605915069580078,0.8667521476745605
450,21.279542922973633,0.9227454662322998
451,26.424976348876953,1.051222562789917
452,24.925701141357422,1.6582200527191162
453,13.132317543029785,0.19367098808288574
454,18.860675811767578,1.1119894981384277
455,27.39460563659668,1.710136890411377
456,11.442085266113281,0.2113020420074463
457,24.052480697631836,1.8495242595672607
458,26.104047775268555,1.3785526752471924
459,19.8848934173584,1.8585939407348633
460,17.98204803466797,1.0224902629852295
461,11.402865409851074,0.4028630256652832
462,12.917705535888672,0.6576569080352783
463,19.77959442138672,0.4834315776824951
464,26.521759033203125,0.8496601581573486
465,12.717053413391113,0.3325324058532715
466,13.112873077392578,0.23359107971191406
467,19.742860794067383,0.5096907615661621
468,17.095722198486328,0.4024350643157959
469,23.396686553955078,1.5649328231811523
470,26.813325881958008,1.1827869415283203
471,22.56451416015625,1.249403953552246
472,27.46755599975586,0.8948371410369873
473,24.000640869140625,0.8180744647979736
474,26.728439331054688,1.0774469375610352
475,21.94786834716797,1.7292287349700928
476,18.079273223876953,1.5645978450775146
477,22.183006286621094,1.540412425994873
478,23.013105392456055,1.357145071029663
479,23.508590698242188,1.8535761833190918
480,26.51767349243164,1.6412172317504883
481,18.227954864501953,1.1607320308685303
482,11.894001960754395,0.2647414207458496
483,22.721294403076172,1.7375001907348633
484,20.357980728149414,1.1058685779571533
485,22.906452178955078,1.065380334854126
486,19.529144287109375,1.2506749629974365
487,35.71219253540039,1.6188220977783203
488,24.562381744384766,1.029700517654419
489,17.081127166748047,0.5757944583892822
490,18.757843017578125,1.31038498878479
491,18.17172622680664,0.9575109481811523
492,16.49708366394043,0.736271858215332
493,27.44167709350586,1.7367002964019775
494,27.214609146118164,1.3770201206207275
495,21.15740203857422,1.4934921264648438
496,21.478330612182617,0.9343791007995605
497,16.93946075439453,0.9594249725341797
498,16.668651580810547,0.868981122970581
499,20.45928955078125,1.3787457942962646
500,10.166869163513184,0.8243851661682129
501,6.796092510223389,0.35496044158935547
502,17.86845588684082,1.4331834316253662
503,17.20412826538086,1.603022575378418
504,12.9884033203125,1.2511544227600098
505,14.700958251953125,0.29415249824523926
506,30.64629364013672,1.7940504550933838
507,12.22352409362793,1.5924499034881592
508,18.617721557617188,0.4652705192565918
509,13.074470520019531,1.4077560901641846
510,20.56197738647461,0.2862544059753418
511,14.719404220581055,1.6848797798156738
512,39.82794189453125,1.2942030429840088
513,14.507774353027344,0.9419441223144531
514,13.561925888061523,1.144723653793335
515,20.19139862060547,0.9914898872375488
516,7.9740095138549805,0.21755599975585938
517,17.413379669189453,1.196800708770752
518,11.508996963500977,1.0152502059936523
519,8.306846618652344,0.361447811126709
520,30.29737663269043,0.9291589260101318
521,7.96079158782959,0.40437841415405273
522,11.858726501464844,0.9020588397979736
523,7.90056848526001,0.4803767204284668
524,13.503116607666016,1.4295494556427002
525,12.117705345153809,0.23619437217712402
526,12.815788269042969,1.6078383922576904
527,9.136730194091797,0.672048807144165
528,12.998963356018066,0.7910571098327637
529,13.354964256286621,1.546029806137085
530,12.00881576538086,1.210599660873413
531,36.05442428588867,0.5431373119354248
532,11.539957046508789,1.0494544506072998
533,13.035152435302734,0.8708758354187012
534,11.487560272216797,1.469545602798462
535,13.12229061126709,1.8471596240997314
536,9.675413131713867,0.35318422317504883
537,10.804936408996582,1.1610145568847656
538,16.5860652923584,0.9018330574035645
539,11.366361618041992,0.6536905765533447
540,14.060221672058105,0.8684332370758057
541,30.207916259765625,1.6949732303619385
542,13.579235076904297,1.5725467205047607
543,22.988323211669922,1.3393685817718506
544,12.869067192077637,0.6033008098602295
545,10.077547073364258,0.48380279541015625
546,11.147506713867188,1.1064248085021973
547,14.009048461914062,1.3600232601165771
548,12.863811492919922,0.5122551918029785
549,12.83229923248291,0.5741963386535645
550,6.999577522277832,0.21986007690429688
551,11.829330444335938,1.7825632095336914
552,13.613465309143066,1.6282622814178467
553,11.112201690673828,0.8727293014526367
554,8.380878448486328,0.3422870635986328
555,11.748988151550293,0.770042896270752
556,22.378904342651367,1.4239976406097412
557,16.980031967163086,1.4273786544799805
558,12.62501335144043,0.4356663227081299
559,12.840310096740723,1.665377140045166
560,12.016477584838867,0.5376157760620117
561,8.317960739135742,0.45705533027648926
562,9.051264762878418,0.9510092735290527
563,18.321327209472656,0.8179562091827393
564,10.165592193603516,1.101146936416626
565,11.780710220336914,0.33982133865356445
566,8.979656219482422,0.5577833652496338
567,9.465505599975586,0.6114170551300049
568,15.007702827453613,1.6992125511169434
569,18.895597457885742,0.7009174823760986
570,13.085319519042969,1.2800109386444092
571,11.096944808959961,1.5430843830108643
572,10.3465576171875,1.097419023513794
573,11.488386154174805,0.7964785099029541
574,14.015836715698242,1.7233476638793945
575,15.357234954833984,0.6145484447479248
576,7.697247505187988,0.5505146980285645
577,5.622998237609863,0.5242080688476562
578,10.127710342407227,0.6748754978179932
579,11.653125762939453,1.8762123584747314
580,26.798641204833984,1.7540240287780762
581,15.895623207092285,1.281477451324463
582,12.397513389587402,1.749821662902832
583,8.31569766998291,0.4308946132659912
584,5.0598649978637695,0.3503909111022949
585,16.11160659790039,1.1479532718658447
586,13.670459747314453,1.7302684783935547
587,7.472950458526611,0.6106586456298828
588,16.93799591064453,1.052154302597046
589,16.118316650390625,1.3392508029937744
590,17.265100479125977,1.6065595149993896
591,13.853968620300293,1.3667898178100586
592,40.19634246826172,1.7479584217071533
593,10.416471481323242,0.6017739772796631
594,9.192806243896484,0.5851383209228516
595,8.87229061126709,0.21317219734191895
596,10.364385604858398,0.275238037109375
597,23.362091064453125,0.8390915393829346
598,36.01628875732422,1.7089555263519287
599,9.989595413208008,0.5860249996185303
600,14.484256744384766,1.8231878280639648
601,9.439140319824219,1.019958257675171
602,11.144292831420898,1.562103509902954
603,40.04816436767578,1.8769347667694092
604,17.0268611907959,1.3280916213989258
605,17.303909301757812,1.323364019393921
606,14.304313659667969,1.3551993370056152
607,5.668244361877441,0.23408818244934082
608,11.713769912719727,1.0118179321289062
609,14.52320384979248,0.7818830013275146
610,15.712173461914062,1.135340929031372
611,26.357555389404297,0.9468295574188232
612,10.857160568237305,0.9713582992553711
613,9.247045516967773,0.5643744468688965
614,10.61880874633789,0.8773796558380127
615,15.447271347045898,1.6931297779083252
616,20.67816162109375,1.0997991561889648
617,34.82093048095703,1.6326990127563477
618,7.765753269195557,0.37268853187561035
619,11.046669006347656,1.4886970520019531
620,14.789347648620605,1.0641672611236572
621,20.818756103515625,0.8432929515838623
622,11.264513969421387,0.6133878231048584
623,23.215129852294922,1.6917953491210938
624,6.287720680236816,0.32584118843078613
625,8.069714546203613,0.6211743354797363
626,16.537227630615234,1.3049325942993164
627,8.59131908416748,0.6648313999176025
628,9.419950485229492,0.6586384773254395
629,14.2195405960083,0.5387415885925293
630,12.536949157714844,1.1623148918151855
631,13.383553504943848,0.29508113861083984
632,8.992877006530762,0.8425581455230713
633,20.40113067626953,1.1383981704711914
634,26.781036376953125,0.9773998260498047
635,11.751020431518555,1.124495267868042
636,11.386009216308594,0.9147951602935791
637,15.159331321716309,0.3479292392730713
638,19.19064712524414,1.1040318012237549
639,22.282867431640625,1.283332347869873
640,6.697854042053223,0.20635461807250977
641,10.776710510253906,1.0177478790283203
642,15.802764892578125,1.4277849197387695
643,34.517295837402344,0.9749746322631836
644,13.39010238647461,0.9351892471313477
645,15.591114044189453,0.649674654006958
646,14.854713439941406,1.790837287902832
647,10.594610214233398,0.6608066558837891
648,11.525827407836914,1.830507755279541
649,8.502391815185547,0.37341976165771484
650,36.94255828857422,1.3980512619018555
651,10.151549339294434,0.8337204456329346
652,8.045419692993164,0.3176248073577881
653,13.760894775390625,1.3195116519927979
654,7.112771511077881,0.19162583351135254
655,21.203468322753906,0.6783013343811035
656,11.346832275390625,0.4381899833679199
657,24.965179443359375,1.5006580352783203
658,41.339195251464844,0.8995862007141113
659,13.314885139465332,1.1661620140075684
660,8.507852554321289,0.4413034915924072
661,16.296382904052734,1.817755937576294
662,9.499263763427734,0.41744256019592285
663,11.126736640930176,1.2699739933013916
664,9.891667366027832,1.6304056644439697
665,16.65866470336914,1.2134318351745605
666,12.814825057983398,1.5879695415496826
667,19.40411376953125,0.9374141693115234
668,29.23027229309082,1.8822176456451416
669,17.97449493408203,0.8821702003479004
670,33.55827331542969,1.785184621810913
671,17.306617736816406,1.8600053787231445
672,12.498103141784668,1.0814411640167236
673,7.220293998718262,0.23901963233947754
674,13.189388275146484,1.549863338470459
675,13.746820449829102,1.8028061389923096
676,21.04258155822754,1.4271323680877686
677,11.302169799804688,1.0323646068572998
678,17.199289321899414,1.2755694389343262
679,12.797247886657715,0.39838600158691406
680,18.549713134765625,1.3043286800384521
681,6.079871654510498,0.24034547805786133
682,11.930347442626953,1.5805203914642334
683,12.633056640625,1.795318365097046
684,26.917980194091797,1.8764898777008057
685,13.847453117370605,1.3951482772827148
686,8.23589038848877,0.19858765602111816
687,13.007180213928223,0.404463529586792
688,8.18944263458252,1.0454096794128418
689,15.585222244262695,1.6288225650787354
690,31.128963470458984,1.5238854885101318
691,18.996065139770508,1.0801582336425781
692,17.931373596191406,1.3592383861541748
693,12.324880599975586,0.296464204788208
694,15.020017623901367,1.7353355884552002
695,15.138812065124512,1.2311265468597412
696,11.291501998901367,1.5317716598510742
697,8.910131454467773,0.3752329349517822
698,11.529546737670898,1.1447060108184814
699,11.701894760131836,1.2604310512542725
700,11.90829849243164,1.0179266929626465
701,13.312360763549805,1.4204082489013672
702,13.512051582336426,0.40796327590942383
703,7.789569854736328,0.2186737060546875
704,12.884342193603516,1.2495312690734863
705,12.667539596557617,0.3004429340362549
706,16.48934555053711,1.8712105751037598
707,7.855414390563965,0.6097536087036133
708,19.74998664855957,1.9238684177398682
709,11.889966011047363,0.7693479061126709
710,12.055887222290039,0.4606595039367676
711,9.422744750976562,0.9353663921356201
712,7.349799156188965,0.6551179885864258
713,10.829965591430664,0.6110308170318604
714,10.895668029785156,1.2733204364776611
715,18.7138729095459,1.7018907070159912
716,28.58673858642578,1.17513108253479
717,12.56633472442627,1.0260252952575684
718,12.988227844238281,1.7786824703216553
719,9.647286415100098,1.0377919673919678
720,28.481536865234375,1.7146706581115723
721,9.783672332763672,0.4733915328979492
722,39.366729736328125,1.8083205223083496
723,16.332988739013672,1.1448729038238525
724,9.380462646484375,0.6737799644470215
725,28.498594284057617,0.5906815528869629
726,16.57746124267578,1.4891209602355957
727,21.54644012451172,1.6068987846374512
728,11.206624984741211,0.9970102310180664
729,9.910335540771484,1.3555636405944824
730,12.711591720581055,1.7081196308135986
731,16.747638702392578,0.6408429145812988
732,9.80416488647461,0.9113261699676514
733,17.192529678344727,1.2127408981323242
734,10.810111999511719,0.29509854316711426
735,6.438225746154785,0.4182705879211426
736,8.920433044433594,0.3459281921386719
737,25.104942321777344,1.6105365753173828
738,16.027624130249023,1.8329496383666992
739,29.578697204589844,1.7132437229156494
740,10.64323616027832,1.3276047706604004
741,7.176128387451172,0.327852725982666
742,14.133904457092285,1.5802640914916992
743,11.522293090820312,1.046067476272583
744,17.313037872314453,1.521106481552124
745,16.191158294677734,1.922231674194336
746,26.999862670898438,1.2926616668701172
747,14.453248977661133,1.7489733695983887
748,17.215524673461914,1.0267713069915771
749,11.159317016601562,0.5984063148498535
750,12.953435897827148,0.8706860542297363
751,13.323760986328125,1.110907793045044
752,11.75625991821289,0.4483530521392822
753,37.48149871826172,1.668045997619629
754,16.78376579284668,1.844177484512329
755,13.485568046569824,1.6556503772735596
756,27.658489227294922,1.5199978351593018
757,11.028067588806152,1.181518793106079
758,14.899916648864746,1.6309380531311035
759,9.359786987304688,0.4408273696899414
760,9.057700157165527,0.9299812316894531
761,13.315232276916504,1.6957015991210938
762,10.977575302124023,1.149810552597046
763,12.510242462158203,1.7399094104766846
764,14.989435195922852,1.0134670734405518
765,20.917694091796875,1.848060131072998
766,21.28859519958496,1.7109158039093018
767,7.85557222366333,0.4118967056274414
768,6.995745658874512,0.25382494926452637
769,18.319976806640625,0.7524197101593018
770,15.556403160095215,1.2636775970458984
771,9.263631820678711,0.4517946243286133
772,16.048686981201172,1.448591947555542
773,15.062311172485352,1.8335182666778564
774,14.269904136657715,0.29432153701782227
775,19.648944854736328,0.8376381397247314
776,20.80098533630371,1.1037671566009521
777,15.35463809967041,0.5101072788238525
778,26.31985855102539,0.968189001083374
779,16.68609619140625,0.6456048488616943
780,11.996223449707031,1.0445833206176758
781,20.40870475769043,1.8734381198883057
782,54.651641845703125,1.4136533737182617
783,10.27457046508789,0.7321736812591553
784,29.04447364807129,1.7151012420654297
785,12.175943374633789,1.5584514141082764
786,8.87066650390625,0.7554569244384766
787,12.10638427734375,1.3047833442687988
788,18.321735382080078,0.291576623916626
789,13.870789527893066,0.8624000549316406
790,21.53021240234375,0.9476442337036133
791,44.58988952636719,1.4159729480743408
792,64.0885009765625,1.669607400894165
793,13.700773239135742,1.6685009002685547
794,15.235929489135742,0.22586560249328613
795,15.445459365844727,1.753889560699463
796,8.5154447555542,0.2531256675720215
797,8.61324691772461,0.8217055797576904
798,12.125468254089355,1.6195859909057617
799,15.399341583251953,1.6121249198913574
800,24.09769058227539,0.8249962329864502
801,12.936662673950195,1.5751497745513916
802,64.93092346191406,1.7803466320037842
803,10.288515090942383,1.5022010803222656
804,16.274141311645508,1.3812167644500732
805,12.11054801940918,1.4533002376556396
806,12.643939971923828,1.2751154899597168
807,13.209077835083008,1.6688292026519775
808,20.41131591796875,1.5798804759979248
809,12.523017883300781,1.0534629821777344
810,21.723587036132812,1.0462274551391602
811,12.69228744506836,1.161236047744751
812,22.030845642089844,1.388270616531372
813,11.509647369384766,0.5518007278442383
814,11.59471321105957,1.625720739364624
815,14.143569946289062,1.1270091533660889
816,15.2250337600708,1.5440945625305176
817,15.909717559814453,1.3855690956115723
818,12.450011253356934,0.8948125839233398
819,11.15949821472168,1.5137722492218018
820,24.776634216308594,0.8010175228118896
821,13.739495277404785,1.0537235736846924
822,19.659887313842773,1.8017876148223877
823,13.486434936523438,0.3843977451324463
824,18.693313598632812,1.6899619102478027
825,31.612476348876953,1.7374238967895508
826,11.443418502807617,0.7837684154510498
827,8.420741081237793,0.26205945014953613
828,19.649856567382812,1.5336055755615234
829,8.053741455078125,0.8239080905914307
830,25.88585662841797,0.46468424797058105
831,13.722095489501953,0.9047214984893799
832,12.438053131103516,1.34749436378479
833,12.136409759521484,1.238175392150879
834,17.21490478515625,1.5036232471466064
835,13.316645622253418,0.7554707527160645
836,18.83318328857422,1.7712268829345703
837,16.547067642211914,0.38647961616516113
838,9.33979606628418,1.3540558815002441
839,15.011168479919434,0.6115987300872803
840,14.541136741638184,0.932227373123169
841,14.016786575317383,1.2394523620605469
842,25.074283599853516,0.5560660362243652
843,12.718424797058105,1.558825969696045
844,24.02831268310547,0.6145575046539307
845,13.497282028198242,1.1903135776519775
846,9.771956443786621,0.4053475856781006
847,11.855535507202148,0.7261195182800293
848,13.408058166503906,1.3519315719604492
849,14.666898727416992,0.8007473945617676
850,16.611162185668945,0.4817936420440674
851,12.963369369506836,0.24253630638122559
852,12.699995040893555,1.3254592418670654
853,25.80607795715332,1.4232053756713867
854,13.129461288452148,0.839512825012207
855,12.429875373840332,1.378746747970581
856,13.513619422912598,1.0849616527557373
857,15.204134941101074,0.862861156463623
858,16.661300659179688,1.628188133239746
859,12.751991271972656,0.8656175136566162
860,20.92542266845703,1.1439452171325684
861,11.608672142028809,0.5160934925079346
862,5.6652374267578125,0.38933873176574707
863,19.855743408203125,0.6855416297912598
864,18.68600082397461,1.4248309135437012
865,34.994468688964844,1.5253705978393555
866,22.026268005371094,1.7193408012390137
867,8.907175064086914,0.8998191356658936
868,20.69113540649414,1.4488146305084229
869,10.648131370544434,0.6481916904449463
870,10.622239112854004,1.1458442211151123
871,9.472718238830566,0.5785202980041504
872,12.872688293457031,1.059767723083496
873,12.76630687713623,0.9469418525695801
874,12.95966911315918,1.148104190826416
875,12.1395263671875,0.561284065246582
876,11.863933563232422,1.3446669578552246
877,9.236507415771484,0.5844383239746094
878,12.48692512512207,1.3844521045684814
879,9.96472454071045,1.8318216800689697
880,20.178770065307617,1.8124547004699707
881,15.91552448272705,0.5798115730285645
882,12.241218566894531,1.5336198806762695
883,15.7825288772583,0.46085262298583984
884,15.101248741149902,1.86875319480896
885,8.402460098266602,0.36084699630737305
886,43.91698455810547,1.2320356369018555
887,18.454317092895508,1.2347872257232666
888,18.40744400024414,0.5678198337554932
889,11.72510051727295,1.4310510158538818
890,39.230621337890625,1.101102590560913
891,10.58812141418457,0.9434475898742676
892,18.29827880859375,0.6557867527008057
893,28.06925392150879,1.1979610919952393
894,15.241674423217773,0.5933692455291748
895,20.66856575012207,1.4290728569030762
896,10.362987518310547,0.8087735176086426
897,15.36991024017334,1.7927117347717285
898,8.795193672180176,0.4339883327484131
899,15.32371997833252,1.7801451683044434
900,11.248778343200684,1.5863852500915527
901,11.536962509155273,0.512103796005249
902,35.36353302001953,0.9400122165679932
903,14.12746810913086,1.7871849536895752
904,20.72128677368164,1.7086968421936035
905,12.593033790588379,1.2914886474609375
906,20.557214736938477,1.7979443073272705
907,10.781635284423828,0.9080181121826172
908,10.30648422241211,1.1195714473724365
909,8.093669891357422,0.6208791732788086
910,21.789199829101562,0.8377254009246826
911,7.176295757293701,0.3624579906463623
912,17.309659957885742,1.825227975845337
913,13.213397979736328,1.7451331615447998
914,22.650108337402344,1.285071849822998
915,16.210124969482422,1.4610655307769775
916,24.13580322265625,1.3396952152252197
917,11.908805847167969,1.066277027130127
918,17.367107391357422,0.3575282096862793
919,12.399717330932617,0.9211232662200928
920,23.959842681884766,1.5579862594604492
921,9.540797233581543,0.3090856075286865
922,10.510412216186523,0.850208044052124
923,8.184783935546875,0.2945287227630615
924,42.095367431640625,1.0420727729797363
925,6.2984395027160645,0.1910262107849121
926,15.623024940490723,1.4505560398101807
927,13.341070175170898,0.7869155406951904
928,14.623275756835938,1.801530122756958
929,11.609089851379395,0.2434706687927246
930,34.616111755371094,1.5507333278656006
931,9.511617660522461,0.8842406272888184
932,16.489730834960938,1.445127248764038
933,23.60113525390625,0.625612735748291
934,17.558090209960938,1.519273042678833
935,7.672947883605957,0.2832057476043701
936,7.080990791320801,0.47498512268066406
937,14.14883041381836,0.5110681056976318
938,6.8864545822143555,0.21083402633666992
939,12.743738174438477,0.4422447681427002
940,12.165225982666016,1.4545440673828125
941,21.215656280517578,0.9688167572021484
942,24.838661193847656,1.7611007690429688
943,6.224581718444824,0.2224578857421875
944,24.46263885498047,1.813504934310913
945,15.177600860595703,0.28742408752441406
946,12.862866401672363,0.5950882434844971
947,18.005584716796875,1.7583832740783691
948,13.16098403930664,1.0547080039978027
949,8.33250617980957,0.4365246295928955
950,6.172530651092529,0.4601435661315918
951,19.480323791503906,1.3796360492706299
952,72.74301147460938,1.2559046745300293
953,8.431626319885254,0.3299221992492676
954,11.264081001281738,0.28229331970214844
955,8.841339111328125,0.6142065525054932
956,30.64375877380371,0.8875949382781982
957,11.013416290283203,1.142878532409668
958,9.897584915161133,0.732783317565918
959,16.998371124267578,1.1772487163543701
960,19.01262092590332,1.0172171592712402
961,14.256454467773438,1.5511457920074463
962,8.416854858398438,0.7746341228485107
963,8.972920417785645,0.7365598678588867
964,12.69887638092041,0.6679894924163818
965,73.70191955566406,1.8388609886169434
966,10.864883422851562,1.3352689743041992
967,15.80184555053711,0.6759672164916992
968,7.900754928588867,0.2615513801574707
969,9.449576377868652,0.3959817886352539
970,9.574053764343262,0.8201498985290527
971,7.507118225097656,0.454709529876709
972,14.329338073730469,1.2477869987487793
973,7.769819259643555,0.25183796882629395
974,20.90468978881836,1.1672487258911133
975,12.207259178161621,1.352400302886963
976,9.237130165100098,0.584789514541626
977,8.74559497833252,0.9983611106872559
978,27.87459945678711,1.101064682006836
979,11.690291404724121,1.6056466102600098
980,12.909168243408203,0.32593631744384766
981,21.191818237304688,0.8032810688018799
982,16.97588539123535,1.597874641418457
983,17.427772521972656,0.9555830955505371
984,11.82612133026123,1.2619516849517822
985,12.535149574279785,0.6726863384246826
986,13.049687385559082,0.35544705390930176
987,9.698162078857422,0.7257394790649414
988,15.44350814819336,1.8664844036102295
989,19.641632080078125,1.7945716381072998
990,8.759349822998047,1.0269606113433838
991,50.11363220214844,1.5397937297821045
992,16.439014434814453,1.701751947402954
993,7.10752534866333,0.2389233112335205
994,9.178346633911133,0.5797719955444336
995,11.793654441833496,0.6170432567596436
996,30.093236923217773,1.5381686687469482
997,21.697246551513672,0.9559690952301025
998,16.38230323791504,1.745049238204956
999,10.818603515625,0.3535614013671875
