0,24.32382583618164,0.5703387260437012
1,13.781320571899414,0.10852384567260742
2,17.262548446655273,0.34653711318969727
3,27.83071517944336,0.3770873546600342
4,18.651336669921875,0.11110234260559082
5,21.5667667388916,0.26701855659484863
6,12.088011741638184,0.10194683074951172
7,31.95913314819336,0.39275431632995605
8,19.176115036010742,0.18264985084533691
9,27.288333892822266,0.26868629455566406
10,23.405452728271484,0.4162871837615967
11,11.940088272094727,0.12186455726623535
12,10.51284408569336,0.11616683006286621
13,24.40757942199707,0.18552088737487793
14,26.688161849975586,0.39325618743896484
15,30.816951751708984,0.31696176528930664
16,19.276718139648438,0.26001739501953125
17,31.468849182128906,0.3339202404022217
18,10.793116569519043,0.08490490913391113
19,19.8421630859375,0.21317124366760254
20,24.325519561767578,0.3669753074645996
21,14.26137924194336,0.17213964462280273
22,18.122196197509766,0.15047907829284668
23,34.218414306640625,0.43492627143859863
24,18.581832885742188,0.23697972297668457
25,20.339820861816406,0.2881815433502197
26,18.72856330871582,0.35730981826782227
27,25.92383575439453,0.26323938369750977
28,21.473712921142578,0.3440399169921875
29,13.991851806640625,0.09077978134155273
30,22.589862823486328,0.23536181449890137
31,17.244230270385742,0.1348555088043213
32,28.751239776611328,0.38837456703186035
33,13.017484664916992,0.05831313133239746
34,13.299320220947266,0.08564019203186035
35,23.158458709716797,0.38595032691955566
36,22.77175521850586,0.19215655326843262
37,17.73169708251953,0.23046135902404785
38,17.557201385498047,0.18784761428833008
39,31.721954345703125,0.4314305782318115
40,8.094903945922852,0.05507850646972656
41,12.69309139251709,0.10442209243774414
42,32.448944091796875,0.34882092475891113
43,16.539508819580078,0.14244508743286133
44,23.337886810302734,0.3906214237213135
45,27.08920669555664,0.3241417407989502
46,26.511693954467773,0.26717114448547363
47,13.306692123413086,0.09346270561218262
48,9.95362377166748,0.07066965103149414
49,25.22594451904297,0.3496854305267334
50,23.096500396728516,0.26527833938598633
51,24.452049255371094,0.18578338623046875
52,19.16379737854004,0.11113905906677246
53,18.63775062561035,0.1532599925994873
54,21.2902889251709,0.2878293991088867
55,22.28754425048828,0.23751568794250488
56,22.011051177978516,0.3893768787384033
57,14.388540267944336,0.20563912391662598
58,13.083992958068848,0.13094425201416016
59,21.21195411682129,0.31210827827453613
60,9.947807312011719,0.05352067947387695
61,28.509628295898438,0.255220890045166
62,29.21904754638672,0.3270261287689209
63,26.568645477294922,0.2555863857269287
64,32.844669342041016,0.3585493564605713
65,18.541698455810547,0.11228513717651367
66,17.262496948242188,0.19612932205200195
67,29.68292999267578,0.4215714931488037
68,14.646592140197754,0.08967065811157227
69,20.890178680419922,0.19853734970092773
70,17.590591430664062,0.17760419845581055
71,26.945526123046875,0.190399169921875
72,12.566581726074219,0.07791471481323242
73,14.940229415893555,0.32027578353881836
74,26.406742095947266,0.34299778938293457
75,24.621814727783203,0.35875821113586426
76,22.507728576660156,0.1826624870300293
77,18.633230209350586,0.12675189971923828
78,27.750225067138672,0.2693135738372803
79,14.691482543945312,0.08515477180480957
80,15.309812545776367,0.08835673332214355
81,21.15897560119629,0.33070826530456543
82,27.433029174804688,0.23833441734313965
83,20.837581634521484,0.2965819835662842
84,16.580801010131836,0.11808466911315918
85,20.500442504882812,0.23045659065246582
86,10.4097900390625,0.10048675537109375
87,19.995712280273438,0.24465703964233398
88,26.57445526123047,0.3623509407043457
89,17.694622039794922,0.3214762210845947
90,26.864173889160156,0.42203617095947266
91,18.108905792236328,0.20256614685058594
92,22.849746704101562,0.2997415065765381
93,17.44647789001465,0.15184593200683594
94,34.1084098815918,0.37053585052490234
95,19.469219207763672,0.33727121353149414
96,21.247665405273438,0.4076824188232422
97,14.297128677368164,0.11871743202209473
98,27.717893600463867,0.32683753967285156
99,32.67098617553711,0.3710172176361084
100,14.129432678222656,0.10952448844909668
101,23.256580352783203,0.20876789093017578
102,18.5687313079834,0.11195993423461914
103,15.881650924682617,0.08946633338928223
104,16.928871154785156,0.2830171585083008
105,24.885669708251953,0.26291894912719727
106,26.625913619995117,0.22666144371032715
107,13.51174545288086,0.10469961166381836
108,18.949596405029297,0.1591482162475586
109,18.5565185546875,0.1255948543548584
110,28.516338348388672,0.3772423267364502
111,29.134906768798828,0.40715718269348145
112,13.102559089660645,0.07493305206298828
113,19.182262420654297,0.2874937057495117
114,17.478355407714844,0.29610466957092285
115,23.319059371948242,0.17641854286193848
116,22.52552604675293,0.2174386978149414
117,24.29156494140625,0.35208725929260254
118,26.237125396728516,0.24447226524353027
119,13.697122573852539,0.10370826721191406
120,24.334457397460938,0.20585894584655762
121,19.254615783691406,0.22397875785827637
122,26.83637237548828,0.36296892166137695
123,9.59361457824707,0.09958338737487793
124,22.620594024658203,0.19278717041015625
125,23.47378158569336,0.2237389087677002
126,25.499740600585938,0.19548797607421875
127,19.092172622680664,0.2552673816680908
128,31.99249267578125,0.40822839736938477
129,21.09493637084961,0.2998390197753906
130,30.27642059326172,0.20794296264648438
131,28.408897399902344,0.2603108882904053
132,19.399097442626953,0.42947816848754883
133,26.500953674316406,0.43148279190063477
134,27.499088287353516,0.20860671997070312
135,18.138168334960938,0.16481566429138184
136,13.19571304321289,0.0809636116027832
137,26.216617584228516,0.423048734664917
138,16.478116989135742,0.15616250038146973
139,20.97138214111328,0.19018054008483887
140,27.38724136352539,0.19191336631774902
141,25.23099136352539,0.2247765064239502
142,15.46372127532959,0.07623982429504395
143,21.883344650268555,0.23126530647277832
144,22.182106018066406,0.27268099784851074
145,20.20494842529297,0.1433873176574707
146,17.78866195678711,0.3555009365081787
147,19.545166015625,0.2476203441619873
148,21.52920913696289,0.21966242790222168
149,9.673375129699707,0.055075883865356445
150,22.861059188842773,0.13089895248413086
151,18.666645050048828,0.17160868644714355
152,23.41470718383789,0.34926867485046387
153,25.386341094970703,0.340958833694458
154,24.70347785949707,0.37539243698120117
155,22.694332122802734,0.4025108814239502
156,32.110694885253906,0.39333581924438477
157,22.058998107910156,0.2071375846862793
158,17.364730834960938,0.3106865882873535
159,21.9197998046875,0.33069515228271484
160,17.253658294677734,0.26224684715270996
161,28.526636123657227,0.19606637954711914
162,20.305137634277344,0.2249758243560791
163,10.844101905822754,0.10066580772399902
164,15.450348854064941,0.17926478385925293
165,25.342453002929688,0.386044979095459
166,31.00082778930664,0.3858520984649658
167,24.08620262145996,0.24772930145263672
168,15.786032676696777,0.21853971481323242
169,9.753122329711914,0.0708303451538086
170,23.459991455078125,0.20205259323120117
171,17.10791778564453,0.27749109268188477
172,25.659412384033203,0.24507379531860352
173,14.20075798034668,0.06891393661499023
174,15.955960273742676,0.1762990951538086
175,23.639442443847656,0.41301441192626953
176,17.823699951171875,0.11024856567382812
177,22.439777374267578,0.3095438480377197
178,9.407620429992676,0.07984590530395508
179,19.57337188720703,0.15823817253112793
180,23.351913452148438,0.362093448638916
181,15.268474578857422,0.17081451416015625
182,31.286819458007812,0.38423895835876465
183,24.844554901123047,0.2912886142730713
184,27.842079162597656,0.3185901641845703
185,30.332061767578125,0.40749049186706543
186,26.39029312133789,0.2789649963378906
187,18.02391815185547,0.10613417625427246
188,18.530471801757812,0.30252647399902344
189,35.15782165527344,0.3852219581604004
190,24.567394256591797,0.3021976947784424
191,20.641674041748047,0.42414116859436035
192,28.829757690429688,0.374222993850708
193,25.642051696777344,0.2475731372833252
194,19.664649963378906,0.23047232627868652
195,7.696700096130371,0.05769491195678711
196,21.689037322998047,0.23081207275390625
197,21.0863037109375,0.15760183334350586
198,25.11090850830078,0.3399200439453125
199,18.077884674072266,0.20166277885437012
200,20.522010803222656,0.23343563079833984
201,17.94272232055664,0.1750471591949463
202,21.435209274291992,0.3807849884033203
203,16.26763153076172,0.19120073318481445
204,17.511993408203125,0.18679499626159668
205,24.185394287109375,0.18500185012817383
206,25.021530151367188,0.20411944389343262
207,9.521583557128906,0.08871912956237793
208,31.16157341003418,0.34763550758361816
209,30.24725341796875,0.36263132095336914
210,28.627277374267578,0.41411900520324707
211,17.12461280822754,0.17803120613098145
212,13.298171997070312,0.08183407783508301
213,30.157194137573242,0.30238866806030273
214,17.151317596435547,0.15705323219299316
215,16.711336135864258,0.18291068077087402
216,19.65324592590332,0.3610208034515381
217,20.736492156982422,0.2865464687347412
218,25.15765380859375,0.3493385314941406
219,20.765249252319336,0.41695380210876465
220,24.754287719726562,0.2632145881652832
221,9.61575698852539,0.05423307418823242
222,27.648319244384766,0.3804960250854492
223,31.878583908081055,0.417236328125
224,14.846799850463867,0.06843876838684082
225,35.62806701660156,0.4250602722167969
226,24.531822204589844,0.3457183837890625
227,24.55124855041504,0.4062211513519287
228,16.920072555541992,0.291750431060791
229,31.550968170166016,0.4105832576751709
230,27.359102249145508,0.280489444732666
231,27.31830406188965,0.420788049697876
232,33.71957015991211,0.34284496307373047
233,20.24323844909668,0.14078307151794434
234,22.909488677978516,0.41476011276245117
235,16.433374404907227,0.1650097370147705
236,15.664146423339844,0.1939229965209961
237,20.452648162841797,0.15143752098083496
238,22.581024169921875,0.2879314422607422
239,13.393310546875,0.10449743270874023
240,23.280914306640625,0.40914368629455566
241,24.430387496948242,0.24915623664855957
242,15.176025390625,0.21907687187194824
243,11.845527648925781,0.12057757377624512
244,20.660707473754883,0.3182520866394043
245,15.76682186126709,0.14502477645874023
246,25.82199478149414,0.22966718673706055
247,23.481054306030273,0.20635318756103516
248,35.431610107421875,0.4175393581390381
249,15.975069999694824,0.1487870216369629
250,22.086416244506836,0.4005894660949707
251,8.722240447998047,0.05266857147216797
252,27.256677627563477,0.32225513458251953
253,32.774757385253906,0.4022645950317383
254,15.98328685760498,0.12790989875793457
255,12.463098526000977,0.2106308937072754
256,9.870482444763184,0.07380557060241699
257,13.14061164855957,0.2941772937774658
258,22.30425453186035,0.3723430633544922
259,24.584064483642578,0.34301114082336426
260,25.42182731628418,0.4260823726654053
261,14.076286315917969,0.10289430618286133
262,16.512073516845703,0.20253682136535645
263,29.109804153442383,0.304351806640625
264,15.328577995300293,0.09659481048583984
265,19.81189727783203,0.18700003623962402
266,12.97244644165039,0.11459755897521973
267,14.878886222839355,0.13334274291992188
268,24.53734588623047,0.3286612033843994
269,24.238365173339844,0.41216111183166504
270,14.451444625854492,0.0963892936706543
271,26.183025360107422,0.3204684257507324
272,19.30669593811035,0.17210674285888672
273,19.853208541870117,0.13807082176208496
274,22.492677688598633,0.1731886863708496
275,22.034748077392578,0.38196659088134766
276,14.583070755004883,0.22270488739013672
277,19.282520294189453,0.22409605979919434
278,24.48409652709961,0.1801440715789795
279,20.885440826416016,0.2405400276184082
280,22.424806594848633,0.2819249629974365
281,22.517566680908203,0.21074748039245605
282,21.3374080657959,0.26332974433898926
283,21.103769302368164,0.28604555130004883
284,25.319305419921875,0.30647993087768555
285,12.216043472290039,0.10616588592529297
286,22.581409454345703,0.4111313819885254
287,26.063499450683594,0.3022494316101074
288,24.329578399658203,0.3859858512878418
289,19.466426849365234,0.3309619426727295
290,29.74480438232422,0.2292940616607666
291,19.818267822265625,0.18483829498291016
292,7.3208537101745605,0.05225515365600586
293,17.471683502197266,0.1986532211303711
294,15.5462007522583,0.24764156341552734
295,13.366394996643066,0.11281824111938477
296,12.814970016479492,0.11018633842468262
297,18.9642276763916,0.12665033340454102
298,21.19510841369629,0.36475563049316406
299,24.005386352539062,0.37122654914855957
300,11.273672103881836,0.07866740226745605
301,21.266448974609375,0.3495030403137207
302,17.828336715698242,0.3101029396057129
303,12.991739273071289,0.09554338455200195
304,19.896621704101562,0.30266451835632324
305,11.096961975097656,0.0661923885345459
306,26.96567153930664,0.32853221893310547
307,32.4207763671875,0.3321666717529297
308,19.214834213256836,0.19609713554382324
309,29.832595825195312,0.3926522731781006
310,30.82659912109375,0.32648634910583496
311,21.358699798583984,0.2109355926513672
312,11.080364227294922,0.07664322853088379
313,24.137489318847656,0.3006925582885742
314,18.757415771484375,0.08310389518737793
315,20.389997482299805,0.31646013259887695
316,16.882156372070312,0.10959053039550781
317,25.43573760986328,0.2189774513244629
318,24.603702545166016,0.3241708278656006
319,21.749561309814453,0.2513577938079834
320,17.5279598236084,0.1254262924194336
321,26.802650451660156,0.2499675750732422
322,19.577442169189453,0.19785666465759277
323,24.014225006103516,0.42870044708251953
324,15.770414352416992,0.08039379119873047
325,16.726242065429688,0.15457391738891602
326,14.917108535766602,0.12760281562805176
327,20.71710968017578,0.2899134159088135
328,26.094528198242188,0.34296655654907227
329,13.797651290893555,0.06522393226623535
330,16.29222297668457,0.16438913345336914
331,22.56138801574707,0.2090451717376709
332,22.063377380371094,0.3718249797821045
333,12.30912971496582,0.05529379844665527
334,11.466662406921387,0.07625436782836914
335,32.453208923339844,0.3315293788909912
336,12.33619213104248,0.11194324493408203
337,17.55887794494629,0.1169123649597168
338,15.071907043457031,0.18141794204711914
339,11.830657958984375,0.06410813331604004
340,22.525270462036133,0.37635326385498047
341,26.49898910522461,0.33922910690307617
342,20.941516876220703,0.1446993350982666
343,24.690673828125,0.35131406784057617
344,20.987323760986328,0.3970799446105957
345,17.844932556152344,0.11957216262817383
346,20.511886596679688,0.32375192642211914
347,26.85011100769043,0.31894969940185547
348,18.653610229492188,0.19817042350769043
349,18.143749237060547,0.12304091453552246
350,18.561063766479492,0.10722231864929199
351,10.250689506530762,0.06775379180908203
352,17.996654510498047,0.37256789207458496
353,18.12451934814453,0.22977566719055176
354,29.171676635742188,0.28752589225769043
355,30.65713882446289,0.2575957775115967
356,22.118915557861328,0.147078275680542
357,17.670385360717773,0.33868408203125
358,25.377779006958008,0.22717022895812988
359,24.578460693359375,0.2656853199005127
360,29.141124725341797,0.41793036460876465
361,14.1627197265625,0.10956120491027832
362,23.13197898864746,0.3278999328613281
363,12.320659637451172,0.08596372604370117
364,24.2425594329834,0.33393096923828125
365,21.74736785888672,0.18247103691101074
366,20.257190704345703,0.2454369068145752
367,18.63368034362793,0.31398987770080566
368,24.67153549194336,0.17015576362609863
369,26.035995483398438,0.37728118896484375
370,15.10733699798584,0.13990330696105957
371,8.828744888305664,0.06668305397033691
372,28.035268783569336,0.3495774269104004
373,22.836322784423828,0.23633337020874023
374,23.618179321289062,0.2129354476928711
375,23.92778778076172,0.36417269706726074
376,15.851028442382812,0.2756834030151367
377,22.00225257873535,0.18760299682617188
378,25.39527130126953,0.38677096366882324
379,17.615053176879883,0.402463436126709
380,12.9932861328125,0.17115545272827148
381,21.423118591308594,0.3059241771697998
382,14.613138198852539,0.10321927070617676
383,31.026790618896484,0.3819599151611328
384,29.544544219970703,0.3472006320953369
385,28.34341049194336,0.3594057559967041
386,21.874099731445312,0.19345712661743164
387,32.10371780395508,0.3614771366119385
388,17.026290893554688,0.2890136241912842
389,21.851634979248047,0.2244100570678711
390,13.2470064163208,0.06043839454650879
391,22.871923446655273,0.21213412284851074
392,24.37822723388672,0.33632993698120117
393,27.99679183959961,0.3532450199127197
394,25.664920806884766,0.38843560218811035
395,15.661287307739258,0.08427238464355469
396,24.678436279296875,0.19911551475524902
397,15.08769416809082,0.180464506149292
398,13.386910438537598,0.1034390926361084
399,16.168052673339844,0.08345603942871094
400,18.513484954833984,0.2601902484893799
401,24.730152130126953,0.15851974487304688
402,14.515661239624023,0.1490321159362793
403,14.269007682800293,0.07029151916503906
404,28.346717834472656,0.2767002582550049
405,14.99821949005127,0.1587216854095459
406,17.843921661376953,0.22356104850769043
407,23.6550235748291,0.3434896469116211
408,15.850552558898926,0.1817913055419922
409,32.47629165649414,0.27811169624328613
410,19.98701286315918,0.3843398094177246
411,25.7916202545166,0.42342567443847656
412,11.514629364013672,0.05885052680969238
413,17.555456161499023,0.1587231159210205
414,35.18778991699219,0.36997509002685547
415,17.584503173828125,0.11152315139770508
416,30.74624252319336,0.4223637580871582
417,28.16103172302246,0.23365569114685059
418,24.96305274963379,0.324521541595459
419,11.270730972290039,0.08554673194885254
420,7.785783767700195,0.05844235420227051
421,24.00263214111328,0.3036956787109375
422,28.664756774902344,0.29416608810424805
423,23.794960021972656,0.3609921932220459
424,26.257911682128906,0.24567508697509766
425,24.191200256347656,0.4170045852661133
426,29.35074234008789,0.3224334716796875
427,23.129077911376953,0.36373138427734375
428,22.945053100585938,0.42814159393310547
429,19.609813690185547,0.13474678993225098
430,28.07410430908203,0.4272909164428711
431,21.078105926513672,0.3700289726257324
432,20.248340606689453,0.3496840000152588
433,28.090219497680664,0.40127110481262207
434,23.781715393066406,0.2821016311645508
435,19.00953483581543,0.2294614315032959
436,21.064348220825195,0.1330726146697998
437,28.357044219970703,0.23124980926513672
438,19.961936950683594,0.2900052070617676
439,13.289498329162598,0.07965517044067383
440,27.465808868408203,0.3678932189941406
441,24.071866989135742,0.39603638648986816
442,22.471805572509766,0.16518211364746094
443,22.18360137939453,0.1704087257385254
444,14.977737426757812,0.13770508766174316
445,20.288646697998047,0.1121668815612793
446,20.337947845458984,0.30281805992126465
447,11.61086654663086,0.08417296409606934
448,25.45964241027832,0.3425307273864746
449,18.44302749633789,0.20380640029907227
450,20.678043365478516,0.21866321563720703
451,25.851970672607422,0.24416160583496094
452,23.673620223999023,0.38459014892578125
453,13.125255584716797,0.05371284484863281
454,17.814258575439453,0.2648942470550537
455,27.737152099609375,0.3870272636413574
456,9.927569389343262,0.056243181228637695
457,22.90850067138672,0.40247535705566406
458,25.613956451416016,0.32448792457580566
459,19.306182861328125,0.43358755111694336
460,17.05297088623047,0.246293306350708
461,11.057273864746094,0.1013939380645752
462,12.524778366088867,0.1385362148284912
463,17.89164924621582,0.11879181861877441
464,25.15066909790039,0.2054765224456787
465,12.588991165161133,0.08292651176452637
466,12.813156127929688,0.061046600341796875
467,19.429607391357422,0.12619471549987793
468,16.037845611572266,0.09985232353210449
469,23.514049530029297,0.36157917976379395
470,25.839935302734375,0.279400110244751
471,21.54093360900879,0.29532313346862793
472,25.91989517211914,0.21726274490356445
473,23.40768051147461,0.17146921157836914
474,26.912912368774414,0.25340962409973145
475,21.839977264404297,0.37845563888549805
476,17.487672805786133,0.33741164207458496
477,22.127056121826172,0.34960055351257324
478,22.5335693359375,0.31780099868774414
479,23.34229278564453,0.4265420436859131
480,26.378337860107422,0.3774440288543701
481,18.353668212890625,0.27234864234924316
482,10.395631790161133,0.06790328025817871
483,23.15845489501953,0.39562487602233887
484,19.704219818115234,0.2584419250488281
485,22.709808349609375,0.2522163391113281
486,18.508638381958008,0.2948887348175049
487,34.29241943359375,0.3529641628265381
488,24.56020736694336,0.2400965690612793
489,15.538250923156738,0.12372326850891113
490,18.684263229370117,0.2985508441925049
491,17.288192749023438,0.2238779067993164
492,15.643538475036621,0.17558956146240234
493,26.72699546813965,0.39408326148986816
494,26.81744384765625,0.322359561920166
495,21.1805477142334,0.34231114387512207
496,21.23930549621582,0.22064566612243652
497,16.32044219970703,0.2226698398590088
498,16.575260162353516,0.20077919960021973
499,19.878517150878906,0.32047295570373535
500,10.445537567138672,0.19014573097229004
501,7.244278907775879,0.08588314056396484
502,18.394638061523438,0.32921743392944336
503,18.475666046142578,0.360992431640625
504,13.816924095153809,0.28180956840515137
505,13.225132942199707,0.07578086853027344
506,29.287246704101562,0.41452693939208984
507,12.217900276184082,0.3590700626373291
508,18.474990844726562,0.1175086498260498
509,13.544554710388184,0.32054638862609863
510,19.564123153686523,0.07533979415893555
511,15.098177909851074,0.38545894622802734
512,39.55784606933594,0.31714367866516113
513,14.561248779296875,0.1995244026184082
514,14.192502975463867,0.25930261611938477
515,20.638938903808594,0.22439980506896973
516,8.2810697555542,0.05530905723571777
517,16.897342681884766,0.2804419994354248
518,12.21822452545166,0.2374866008758545
519,8.238039016723633,0.08836627006530762
520,30.21044158935547,0.22832918167114258
521,8.154913902282715,0.08972835540771484
522,12.236555099487305,0.20493102073669434
523,8.940771102905273,0.11219096183776855
524,14.179036140441895,0.32607412338256836
525,12.191158294677734,0.0628817081451416
526,13.577152252197266,0.3650519847869873
527,9.543211936950684,0.15703940391540527
528,12.853921890258789,0.18588805198669434
529,13.439704895019531,0.34590792655944824
530,12.955535888671875,0.26918601989746094
531,35.24848937988281,0.1403195858001709
532,11.342264175415039,0.2357313632965088
533,13.59241008758545,0.19681262969970703
534,11.427450180053711,0.32675790786743164
535,13.651745796203613,0.40921664237976074
536,9.462068557739258,0.08589482307434082
537,11.774097442626953,0.24822545051574707
538,15.850994110107422,0.2152566909790039
539,11.1968355178833,0.14824700355529785
540,14.470035552978516,0.18486523628234863
541,29.30719566345215,0.3864328861236572
542,13.790242195129395,0.3452730178833008
543,22.352590560913086,0.3081343173980713
544,12.930872917175293,0.14138317108154297
545,10.179220199584961,0.11392545700073242
546,11.425654411315918,0.2505311965942383
547,14.778175354003906,0.3004026412963867
548,13.000139236450195,0.11817431449890137
549,12.933250427246094,0.13134288787841797
550,6.842869758605957,0.054497718811035156
551,12.404031753540039,0.3871879577636719
552,14.483683586120605,0.35706567764282227
553,12.683988571166992,0.1952648162841797
554,8.8616943359375,0.08139896392822266
555,11.505512237548828,0.17438507080078125
556,21.186771392822266,0.32802295684814453
557,18.579139709472656,0.33321523666381836
558,12.63310718536377,0.10907959938049316
559,13.41478157043457,0.37763071060180664
560,12.361513137817383,0.13313007354736328
561,8.37063980102539,0.11241984367370605
562,9.469736099243164,0.22621369361877441
563,18.193479537963867,0.20002341270446777
564,10.66459846496582,0.2609102725982666
565,10.71339225769043,0.08737516403198242
566,9.002951622009277,0.13633251190185547
567,10.126049041748047,0.13863253593444824
568,15.957457542419434,0.39117431640625
569,18.659109115600586,0.17023563385009766
570,13.674779891967773,0.2962377071380615
571,11.44483757019043,0.3323805332183838
572,10.273015975952148,0.24475908279418945
573,12.03371524810791,0.17635607719421387
574,14.781858444213867,0.37218689918518066
575,15.604225158691406,0.15024948120117188
576,8.329913139343262,0.1311647891998291
577,6.0462117195129395,0.12451052665710449
578,10.00918197631836,0.16025710105895996
579,11.768105506896973,0.4062182903289795
580,26.42025375366211,0.40612149238586426
581,15.962862968444824,0.2800297737121582
582,13.037455558776855,0.3963038921356201
583,8.86555290222168,0.09664392471313477
584,5.423264503479004,0.07958149909973145
585,16.510433197021484,0.24628639221191406
586,14.899615287780762,0.3970377445220947
587,7.978749752044678,0.14745306968688965
588,15.632220268249512,0.2514231204986572
589,16.98497772216797,0.2975807189941406
590,17.567581176757812,0.36101746559143066
591,14.94448471069336,0.30373644828796387
592,39.89143371582031,0.41443514823913574
593,11.470315933227539,0.14289188385009766
594,9.496848106384277,0.14115357398986816
595,8.916637420654297,0.056539297103881836
596,10.166955947875977,0.06991052627563477
597,22.435213088989258,0.1794145107269287
598,33.610618591308594,0.3865494728088379
599,9.937302589416504,0.13748502731323242
600,15.542570114135742,0.40030789375305176
601,10.274595260620117,0.23303866386413574
602,12.099708557128906,0.3288302421569824
603,39.209556579589844,0.41904330253601074
604,17.779033660888672,0.30735254287719727
605,16.82756233215332,0.3052959442138672
606,13.296422958374023,0.3028886318206787
607,5.959529876708984,0.05773663520812988
608,12.108646392822266,0.22585582733154297
609,14.453558921813965,0.18189454078674316
610,14.629079818725586,0.25655102729797363
611,26.413694381713867,0.22314786911010742
612,11.224100112915039,0.22052907943725586
613,9.953722953796387,0.1312563419342041
614,11.133563041687012,0.2041614055633545
615,15.693922996520996,0.37328648567199707
616,20.57874298095703,0.24539518356323242
617,33.794044494628906,0.3760197162628174
618,7.819928169250488,0.08882713317871094
619,11.450066566467285,0.32883143424987793
620,16.126300811767578,0.24579334259033203
621,20.176265716552734,0.20016932487487793
622,11.532881736755371,0.1428060531616211
623,22.485633850097656,0.3866398334503174
624,6.7946062088012695,0.07733464241027832
625,8.536836624145508,0.1417832374572754
626,16.842388153076172,0.29154229164123535
627,9.1133451461792,0.1506948471069336
628,9.671289443969727,0.1488497257232666
629,14.973309516906738,0.12552261352539062
630,12.79200553894043,0.262683629989624
631,12.48715877532959,0.07760882377624512
632,9.897611618041992,0.18168210983276367
633,20.556354522705078,0.2664918899536133
634,26.375381469726562,0.23423171043395996
635,12.859827041625977,0.2505526542663574
636,11.982421875,0.20950818061828613
637,15.403680801391602,0.09383606910705566
638,19.516826629638672,0.2543654441833496
639,22.143672943115234,0.2895963191986084
640,6.876486778259277,0.05321812629699707
641,11.15439224243164,0.2339191436767578
642,16.41086769104004,0.3202197551727295
643,33.57291793823242,0.23572301864624023
644,13.599912643432617,0.19443678855895996
645,15.446866989135742,0.15230774879455566
646,15.630012512207031,0.4026014804840088
647,10.985353469848633,0.1558370590209961
648,11.746194839477539,0.3934156894683838
649,8.611083984375,0.09096550941467285
650,36.6187744140625,0.3316023349761963
651,10.686342239379883,0.18799543380737305
652,8.36500358581543,0.07839202880859375
653,15.031712532043457,0.2929074764251709
654,7.34624719619751,0.049566030502319336
655,20.569120407104492,0.16272854804992676
656,10.893647193908691,0.10338020324707031
657,25.043397903442383,0.33879852294921875
658,39.834049224853516,0.22297978401184082
659,13.695934295654297,0.2611241340637207
660,8.672693252563477,0.10804128646850586
661,15.739412307739258,0.4125254154205322
662,9.852972030639648,0.09884285926818848
663,11.702564239501953,0.28412866592407227
664,10.880885124206543,0.35940027236938477
665,16.009075164794922,0.2772805690765381
666,13.209222793579102,0.3567180633544922
667,18.81235122680664,0.21834325790405273
668,29.11355972290039,0.4296407699584961
669,16.547622680664062,0.2096090316772461
670,32.46200180053711,0.39897942543029785
671,18.050487518310547,0.41045713424682617
672,13.463316917419434,0.24595880508422852
673,6.864974021911621,0.06181001663208008
674,14.303620338439941,0.3478853702545166
675,15.010282516479492,0.4039783477783203
676,20.939228057861328,0.33095622062683105
677,11.274632453918457,0.23689031600952148
678,17.05360984802246,0.29376816749572754
679,12.795198440551758,0.0968632698059082
680,18.64775848388672,0.30434226989746094
681,6.212873458862305,0.06016850471496582
682,12.616422653198242,0.3502371311187744
683,13.765053749084473,0.3941068649291992
684,26.046356201171875,0.4208850860595703
685,14.195520401000977,0.31180596351623535
686,8.302816390991211,0.05548214912414551
687,11.919134140014648,0.09475159645080566
688,8.812203407287598,0.23243212699890137
689,16.675580978393555,0.35614871978759766
690,30.251710891723633,0.35357165336608887
691,18.445722579956055,0.2500271797180176
692,18.265106201171875,0.30554842948913574
693,11.94064998626709,0.07566618919372559
694,16.002490997314453,0.3862471580505371
695,15.218897819519043,0.25624585151672363
696,11.3719482421875,0.34472131729125977
697,8.660745620727539,0.09102797508239746
698,11.721307754516602,0.245253324508667
699,11.403221130371094,0.2846081256866455
700,12.145240783691406,0.2300558090209961
701,13.744132995605469,0.31699514389038086
702,12.639701843261719,0.09677767753601074
703,7.95076847076416,0.054456233978271484
704,13.069416046142578,0.28287172317504883
705,12.588544845581055,0.07692408561706543
706,16.754226684570312,0.41367220878601074
707,7.9130859375,0.14469361305236816
708,19.04155731201172,0.4208030700683594
709,12.07298469543457,0.17574286460876465
710,12.040740966796875,0.10974454879760742
711,9.566620826721191,0.1921987533569336
712,7.480738639831543,0.1475963592529297
713,10.644975662231445,0.13748764991760254
714,11.220847129821777,0.28874921798706055
715,19.393810272216797,0.3885376453399658
716,27.520648956298828,0.2769289016723633
717,12.417478561401367,0.23984527587890625
718,13.664143562316895,0.398193359375
719,10.463019371032715,0.23417115211486816
720,27.9739990234375,0.3812432289123535
721,10.364274978637695,0.11242246627807617
722,38.24260711669922,0.4113044738769531
723,15.705527305603027,0.2616739273071289
724,9.777755737304688,0.15578413009643555
725,27.881755828857422,0.1504063606262207
726,17.73164176940918,0.335798978805542
727,20.76702117919922,0.36890125274658203
728,11.519831657409668,0.22660541534423828
729,10.647875785827637,0.3003053665161133
730,14.126142501831055,0.3853278160095215
731,16.680465698242188,0.15137767791748047
732,9.920516967773438,0.20819449424743652
733,17.312774658203125,0.2785637378692627
734,9.888672828674316,0.07244873046875
735,6.689719200134277,0.09689164161682129
736,9.427804946899414,0.08295774459838867
737,24.99203872680664,0.36969590187072754
738,15.75001335144043,0.4190821647644043
739,29.003124237060547,0.399029016494751
740,11.240516662597656,0.3000681400299072
741,7.262157440185547,0.08079338073730469
742,13.55407428741455,0.3309667110443115
743,12.248428344726562,0.23471689224243164
744,18.583402633666992,0.3381040096282959
745,15.872359275817871,0.41761350631713867
746,26.79248809814453,0.30512547492980957
747,15.53422737121582,0.3989419937133789
748,17.540597915649414,0.23925065994262695
749,10.970340728759766,0.14316558837890625
750,13.878997802734375,0.20301008224487305
751,13.940742492675781,0.2560136318206787
752,12.296440124511719,0.11086511611938477
753,37.40034484863281,0.39020586013793945
754,17.288036346435547,0.3863182067871094
755,14.754732131958008,0.3555431365966797
756,27.315837860107422,0.3454761505126953
757,11.845949172973633,0.26582860946655273
758,14.803129196166992,0.3639850616455078
759,9.580123901367188,0.10507845878601074
760,9.746009826660156,0.211869478225708
761,14.479963302612305,0.3515801429748535
762,12.0767240524292,0.2569863796234131
763,12.66301155090332,0.3759462833404541
764,15.621310234069824,0.2321765422821045
765,20.687957763671875,0.40726208686828613
766,21.652124404907227,0.3866589069366455
767,8.146916389465332,0.09835267066955566
768,7.153973579406738,0.06439423561096191
769,16.685394287109375,0.17932939529418945
770,17.11336898803711,0.28629565238952637
771,9.624670028686523,0.10570788383483887
772,16.1927490234375,0.32608556747436523
773,15.896056175231934,0.3864881992340088
774,13.082338333129883,0.07699465751647949
775,19.518203735351562,0.19666123390197754
776,19.878204345703125,0.2562685012817383
777,14.6467866897583,0.12993693351745605
778,24.87706184387207,0.2312016487121582
779,15.673803329467773,0.15305352210998535
780,12.971603393554688,0.23940420150756836
781,21.045669555664062,0.42290377616882324
782,53.21577072143555,0.34731435775756836
783,10.217583656311035,0.16241836547851562
784,30.138206481933594,0.3888576030731201
785,12.372698783874512,0.3471224308013916
786,9.110625267028809,0.16310954093933105
787,12.698583602905273,0.28618359565734863
788,17.485918045043945,0.07665085792541504
789,13.702194213867188,0.18931293487548828
790,19.887611389160156,0.21234631538391113
791,43.37715148925781,0.3295724391937256
792,63.759368896484375,0.41646456718444824
793,14.208184242248535,0.38101768493652344
794,12.692651748657227,0.06114315986633301
795,15.450654983520508,0.392378568649292
796,7.893733978271484,0.06291437149047852
797,8.966480255126953,0.1905689239501953
798,13.009818077087402,0.3645660877227783
799,16.353639602661133,0.3699455261230469
800,23.4501953125,0.19513964653015137
801,13.58264446258545,0.35086917877197266
802,60.66017532348633,0.43979597091674805
803,11.312765121459961,0.34304285049438477
804,16.61944007873535,0.3152623176574707
805,13.219131469726562,0.33137035369873047
806,13.120201110839844,0.2908182144165039
807,13.795969009399414,0.3789348602294922
808,20.240936279296875,0.36125898361206055
809,12.08083724975586,0.2420961856842041
810,21.21402931213379,0.2451624870300293
811,13.114622116088867,0.272019624710083
812,21.01227569580078,0.33584046363830566
813,11.417890548706055,0.13382315635681152
814,11.975112915039062,0.36956143379211426
815,14.055309295654297,0.2593069076538086
816,15.449368476867676,0.3462655544281006
817,16.652873992919922,0.31711673736572266
818,13.74713134765625,0.20644330978393555
819,11.916062355041504,0.34232568740844727
820,24.10439109802246,0.19311857223510742
821,14.159055709838867,0.24454212188720703
822,20.333105087280273,0.41108250617980957
823,13.277130126953125,0.10088610649108887
824,19.495101928710938,0.3793303966522217
825,29.592031478881836,0.4072110652923584
826,11.841264724731445,0.18705344200134277
827,8.696939468383789,0.06697678565979004
828,19.974746704101562,0.3569459915161133
829,8.636072158813477,0.18973612785339355
830,24.909595489501953,0.12290096282958984
831,13.299758911132812,0.21402263641357422
832,12.698124885559082,0.3076589107513428
833,13.263236999511719,0.28748536109924316
834,17.389251708984375,0.34439778327941895
835,13.685214042663574,0.17719793319702148
836,19.522972106933594,0.4063870906829834
837,15.159342765808105,0.09669375419616699
838,9.494251251220703,0.30696988105773926
839,15.36027717590332,0.14446091651916504
840,14.989078521728516,0.2155139446258545
841,15.085712432861328,0.2814600467681885
842,22.940196990966797,0.15026259422302246
843,12.556268692016602,0.35633254051208496
844,24.099109649658203,0.1531820297241211
845,13.799097061157227,0.27515387535095215
846,9.703299522399902,0.10260605812072754
847,11.951391220092773,0.16795730590820312
848,14.143558502197266,0.3102700710296631
849,14.100090980529785,0.1855611801147461
850,16.032032012939453,0.12145113945007324
851,12.865880966186523,0.06432867050170898
852,13.159461975097656,0.30022621154785156
853,25.644105911254883,0.3268561363220215
854,13.26690673828125,0.1955277919769287
855,12.990930557250977,0.30831074714660645
856,13.723054885864258,0.2506716251373291
857,15.175024032592773,0.19835853576660156
858,17.278034210205078,0.358426570892334
859,13.709657669067383,0.20021533966064453
860,21.023128509521484,0.26422691345214844
861,11.48813247680664,0.12235546112060547
862,6.0649094581604,0.08668303489685059
863,17.647415161132812,0.16877007484436035
864,19.793121337890625,0.3232262134552002
865,34.80686950683594,0.3519253730773926
866,22.72793960571289,0.38338398933410645
867,9.631192207336426,0.20923423767089844
868,21.35948371887207,0.31322503089904785
869,11.215836524963379,0.15309810638427734
870,12.075826644897461,0.2610032558441162
871,9.900550842285156,0.13638925552368164
872,12.934711456298828,0.23464608192443848
873,12.964644432067871,0.21458959579467773
874,12.862924575805664,0.2636077404022217
875,12.294210433959961,0.13324666023254395
876,12.463367462158203,0.30575132369995117
877,9.910558700561523,0.13953161239624023
878,13.813758850097656,0.3171422481536865
879,10.733280181884766,0.4083847999572754
880,20.459117889404297,0.39829230308532715
881,14.865039825439453,0.13689470291137695
882,13.541973114013672,0.3488795757293701
883,15.66641616821289,0.11681032180786133
884,14.940164566040039,0.4231116771697998
885,8.571615219116211,0.08522725105285645
886,42.18090057373047,0.2814476490020752
887,18.443973541259766,0.2895243167877197
888,17.961467742919922,0.13405561447143555
889,11.860355377197266,0.32024288177490234
890,39.25675582885742,0.27016472816467285
891,11.282687187194824,0.2098374366760254
892,18.345905303955078,0.1647050380706787
893,26.974262237548828,0.2728903293609619
894,15.564741134643555,0.13227057456970215
895,20.051170349121094,0.3300631046295166
896,10.124850273132324,0.19240260124206543
897,16.43438148498535,0.40068554878234863
898,8.839096069335938,0.1059579849243164
899,15.726848602294922,0.4073045253753662
900,11.610710144042969,0.35225915908813477
901,10.884469032287598,0.12576627731323242
902,35.879417419433594,0.2267627716064453
903,14.512792587280273,0.4003472328186035
904,20.680065155029297,0.3885345458984375
905,13.959148406982422,0.2867431640625
906,22.114261627197266,0.38982129096984863
907,10.781229972839355,0.20095038414001465
908,10.260587692260742,0.24661636352539062
909,8.397218704223633,0.14403414726257324
910,20.93240737915039,0.20506620407104492
911,7.08439826965332,0.08924055099487305
912,17.430641174316406,0.39870166778564453
913,13.196271896362305,0.386446475982666
914,22.815448760986328,0.2806055545806885
915,16.267465591430664,0.320695161819458
916,22.690982818603516,0.3164787292480469
917,11.865758895874023,0.2401747703552246
918,15.751788139343262,0.09187054634094238
919,12.264362335205078,0.20885658264160156
920,23.286117553710938,0.331998348236084
921,9.211748123168945,0.07875323295593262
922,10.828600883483887,0.1955113410949707
923,7.738005638122559,0.07276225090026855
924,41.81278991699219,0.2679450511932373
925,6.5721893310546875,0.051965951919555664
926,15.12972354888916,0.34230875968933105
927,14.431407928466797,0.18879103660583496
928,16.242053985595703,0.42345690727233887
929,11.71211051940918,0.06523346900939941
930,33.85886764526367,0.38244009017944336
931,9.655471801757812,0.21058320999145508
932,16.886470794677734,0.3394303321838379
933,23.338462829589844,0.1605534553527832
934,18.152759552001953,0.362576961517334
935,7.493899822235107,0.07371115684509277
936,7.4014058113098145,0.11823487281799316
937,14.154613494873047,0.13228201866149902
938,6.919117450714111,0.055921316146850586
939,12.569412231445312,0.1112372875213623
940,12.599997520446777,0.34430980682373047
941,21.36534881591797,0.23329854011535645
942,26.51728057861328,0.39742612838745117
943,6.797831058502197,0.05460834503173828
944,23.95711898803711,0.38995981216430664
945,14.2726411819458,0.07371664047241211
946,12.96534538269043,0.1352221965789795
947,17.56682586669922,0.41454362869262695
948,13.596622467041016,0.2528245449066162
949,7.765834331512451,0.1065511703491211
950,6.4076385498046875,0.11209678649902344
951,19.5048885345459,0.32410264015197754
952,70.53746032714844,0.3341190814971924
953,8.680655479431152,0.08505487442016602
954,10.961511611938477,0.07609915733337402
955,9.538986206054688,0.1506199836730957
956,30.709392547607422,0.23502421379089355
957,12.018207550048828,0.27262067794799805
958,10.464879989624023,0.1733989715576172
959,17.55128288269043,0.27856922149658203
960,18.810800552368164,0.24564218521118164
961,14.546493530273438,0.35299038887023926
962,8.574071884155273,0.17896485328674316
963,9.259013175964355,0.1695706844329834
964,12.808237075805664,0.1543872356414795
965,71.76876831054688,0.4466116428375244
966,11.483612060546875,0.29877662658691406
967,15.42829418182373,0.16898226737976074
968,8.09042739868164,0.06616759300231934
969,9.656392097473145,0.09563970565795898
970,10.334541320800781,0.19213581085205078
971,8.030738830566406,0.10825204849243164
972,15.609628677368164,0.28974318504333496
973,7.80042028427124,0.0659940242767334
974,20.494029998779297,0.2791633605957031
975,12.739974975585938,0.3132965564727783
976,8.412686347961426,0.13681387901306152
977,8.696769714355469,0.22808289527893066
978,26.64925765991211,0.2670576572418213
979,12.08144760131836,0.3614950180053711
980,12.68967056274414,0.08637595176696777
981,20.193531036376953,0.193007230758667
982,16.77661895751953,0.365797758102417
983,17.38296890258789,0.22524189949035645
984,12.809270858764648,0.28649330139160156
985,11.977882385253906,0.16150140762329102
986,13.168261528015137,0.0839228630065918
987,9.960929870605469,0.15329813957214355
988,16.722698211669922,0.41623520851135254
989,18.714500427246094,0.4162869453430176
990,9.453643798828125,0.23731350898742676
991,48.26667022705078,0.35825443267822266
992,18.267322540283203,0.3821985721588135
993,6.916166305541992,0.06036686897277832
994,9.341766357421875,0.1359713077545166
995,10.27177906036377,0.14194893836975098
996,28.885807037353516,0.3554363250732422
997,21.898540496826172,0.2256021499633789
998,17.61142349243164,0.39795470237731934
999,10.567699432373047,0.0884852409362793
