0,25.38170623779297,1.409484624862671
1,13.660879135131836,0.35141420364379883
2,17.887603759765625,1.1631824970245361
3,29.070735931396484,1.2634012699127197
4,18.52665901184082,0.36661458015441895
5,22.003374099731445,0.8877818584442139
6,12.044952392578125,0.3401830196380615
7,32.60712432861328,1.3595349788665771
8,19.32891845703125,0.6532595157623291
9,27.4982967376709,0.8759727478027344
10,23.91354751586914,1.539879560470581
11,11.87109375,0.4419431686401367
12,10.47329044342041,0.42863917350769043
13,24.826786041259766,0.6359512805938721
14,27.400978088378906,1.417841911315918
15,31.816354751586914,1.1528956890106201
16,19.73320198059082,0.9647684097290039
17,32.35665512084961,1.2584772109985352
18,10.756967544555664,0.2894783020019531
19,20.262632369995117,0.8053491115570068
20,25.103721618652344,1.2400734424591064
21,14.221536636352539,0.5791459083557129
22,18.383028030395508,0.5064899921417236
23,34.83973693847656,1.4558186531066895
24,18.811614990234375,0.7836875915527344
25,20.845748901367188,0.9524242877960205
26,19.272077560424805,1.2136096954345703
27,26.92572593688965,0.9015028476715088
28,21.517303466796875,1.1699249744415283
29,14.057839393615723,0.30663394927978516
30,23.515235900878906,0.8169991970062256
31,17.366212844848633,0.43389058113098145
32,29.466949462890625,1.3790221214294434
33,13.072211265563965,0.19411778450012207
34,13.267297744750977,0.35168027877807617
35,24.194984436035156,1.3192405700683594
36,23.1737060546875,0.6552014350891113
37,18.116647720336914,0.7669684886932373
38,17.729576110839844,0.6283037662506104
39,32.7701416015625,1.4691731929779053
40,8.072576522827148,0.1898174285888672
41,12.600651741027832,0.34720540046691895
42,32.73412322998047,1.1780433654785156
43,16.456668853759766,0.4691612720489502
44,23.593372344970703,1.3157572746276855
45,28.766658782958984,1.1149516105651855
46,26.93545913696289,0.8859257698059082
47,13.353143692016602,0.31032657623291016
48,9.969072341918945,0.23479270935058594
49,25.48602294921875,1.1533865928649902
50,23.571239471435547,0.8642246723175049
51,24.754995346069336,0.6132664680480957
52,19.13915252685547,0.3698081970214844
53,18.901050567626953,0.505314826965332
54,21.620136260986328,0.9582638740539551
55,22.517850875854492,0.7886083126068115
56,22.091022491455078,1.3108549118041992
57,14.719157218933105,0.6619608402252197
58,13.376779556274414,0.43224453926086426
59,21.95952606201172,1.0357098579406738
60,9.832551002502441,0.1741640567779541
61,28.876829147338867,0.8668620586395264
62,29.46668243408203,1.1161699295043945
63,26.952978134155273,0.8761837482452393
64,33.74231719970703,1.2187080383300781
65,18.525638580322266,0.3756392002105713
66,17.239755630493164,0.6542792320251465
67,30.425209045410156,1.429279088973999
68,14.58372688293457,0.2946662902832031
69,21.05154037475586,0.6706898212432861
70,18.144174575805664,0.5893127918243408
71,27.140445709228516,0.6419596672058105
72,12.465048789978027,0.2597334384918213
73,15.529912948608398,1.0857219696044922
74,26.55358123779297,1.1517975330352783
75,25.1309757232666,1.2029333114624023
76,22.482131958007812,0.6144523620605469
77,18.639999389648438,0.42765069007873535
78,28.33199691772461,0.9189388751983643
79,14.90806770324707,0.3178553581237793
80,15.150623321533203,0.2881009578704834
81,21.643165588378906,1.1038110256195068
82,28.456443786621094,0.7892873287200928
83,21.471681594848633,0.9865918159484863
84,16.873764038085938,0.37418580055236816
85,21.149959564208984,0.8059649467468262
86,10.355546951293945,0.32607316970825195
87,20.32944107055664,0.8175268173217773
88,27.374345779418945,1.2078571319580078
89,18.71396255493164,1.0834236145019531
90,28.05853271484375,1.4377117156982422
91,18.580093383789062,0.6838607788085938
92,23.304733276367188,1.0084421634674072
93,18.200912475585938,0.5108649730682373
94,34.64405822753906,1.2258236408233643
95,19.997203826904297,1.145860195159912
96,21.39275360107422,1.3827877044677734
97,14.322839736938477,0.39917445182800293
98,28.40205955505371,1.1109700202941895
99,33.72639465332031,1.2584631443023682
100,14.795440673828125,0.4235680103302002
101,23.508304595947266,0.6940279006958008
102,18.32820701599121,0.3646862506866455
103,15.96252155303955,0.29729413986206055
104,17.760526657104492,0.9477958679199219
105,25.98076820373535,1.075528621673584
106,27.025461196899414,0.7669646739959717
107,13.775160789489746,0.35213494300842285
108,19.243061065673828,0.5375306606292725
109,18.79550552368164,0.48022985458374023
110,29.169227600097656,1.271690845489502
111,30.212923049926758,1.3865580558776855
112,13.044000625610352,0.2737269401550293
113,19.55711555480957,0.9790077209472656
114,17.843246459960938,1.0091853141784668
115,23.44765281677246,0.5786483287811279
116,22.70909309387207,0.7470781803131104
117,26.117645263671875,1.1810328960418701
118,27.390275955200195,0.8314037322998047
119,13.828907012939453,0.3661530017852783
120,24.960285186767578,0.7115461826324463
121,19.65021514892578,0.7930126190185547
122,27.61121368408203,1.281661033630371
123,9.536298751831055,0.3488469123840332
124,22.877159118652344,0.6410369873046875
125,23.572751998901367,0.7934174537658691
126,25.632688522338867,0.6417975425720215
127,19.158714294433594,0.885462760925293
128,32.199073791503906,1.4260518550872803
129,21.54233169555664,1.0189051628112793
130,30.771514892578125,0.6878540515899658
131,28.929794311523438,0.8565537929534912
132,20.79899024963379,1.5348198413848877
133,27.051645278930664,1.459223985671997
134,27.78249740600586,0.7018787860870361
135,18.564050674438477,0.5526642799377441
136,13.069239616394043,0.35738468170166016
137,26.840267181396484,1.4478952884674072
138,16.736894607543945,0.5168402194976807
139,21.123165130615234,0.6449928283691406
140,27.690258026123047,0.6454935073852539
141,25.36457061767578,0.7456116676330566
142,15.701482772827148,0.27149009704589844
143,22.102577209472656,0.7561781406402588
144,22.253437042236328,0.9177868366241455
145,20.805538177490234,0.5100264549255371
146,18.067949295043945,1.1914808750152588
147,19.806488037109375,0.8376369476318359
148,21.698406219482422,0.7280731201171875
149,9.620767593383789,0.19865775108337402
150,23.078943252563477,0.45043182373046875
151,19.21904945373535,0.5828225612640381
152,24.316225051879883,1.1699869632720947
153,25.838680267333984,1.1261298656463623
154,25.467529296875,1.262058973312378
155,23.28052520751953,1.3807291984558105
156,32.80903625488281,1.3134517669677734
157,22.392030715942383,0.6966917514801025
158,18.31453514099121,1.1095571517944336
159,22.52659034729004,1.1108982563018799
160,17.760478973388672,0.8968250751495361
161,29.144920349121094,0.6652185916900635
162,20.447694778442383,0.7410736083984375
163,10.89948844909668,0.3366243839263916
164,15.592050552368164,0.6045119762420654
165,25.7764835357666,1.2863733768463135
166,31.422822952270508,1.27848219871521
167,24.46222686767578,0.8229081630706787
168,15.896275520324707,0.7115294933319092
169,9.709689140319824,0.23497366905212402
170,23.78531265258789,0.6817429065704346
171,17.56951904296875,0.9923684597015381
172,25.91608428955078,0.8331165313720703
173,13.827863693237305,0.22317075729370117
174,16.251235961914062,0.5829520225524902
175,24.376277923583984,1.3911447525024414
176,17.825599670410156,0.35871243476867676
177,23.024688720703125,1.0254178047180176
178,9.313175201416016,0.2596724033355713
179,19.748809814453125,0.5249843597412109
180,24.107580184936523,1.3453803062438965
181,15.249920845031738,0.5576400756835938
182,32.48799514770508,1.4644842147827148
183,25.31104278564453,1.0216717720031738
184,28.92407989501953,1.087986707687378
185,30.556793212890625,1.4139494895935059
186,26.627866744995117,0.9790811538696289
187,18.071762084960938,0.3768887519836426
188,19.49616050720215,1.1376674175262451
189,35.50739288330078,1.3203766345977783
190,25.42935562133789,1.0722556114196777
191,21.146949768066406,1.4893798828125
192,29.122241973876953,1.2949466705322266
193,26.24985122680664,0.8494501113891602
194,19.705337524414062,0.785632848739624
195,7.6516337394714355,0.21307110786437988
196,22.077468872070312,0.786125898361206
197,21.271717071533203,0.532768964767456
198,25.284496307373047,1.1378045082092285
199,18.35399055480957,0.6686522960662842
200,20.792644500732422,0.7819523811340332
201,20.16994857788086,0.6351256370544434
202,22.555883407592773,1.3106379508972168
203,16.564865112304688,0.6472530364990234
204,17.532773971557617,0.6300904750823975
205,24.075748443603516,0.6122453212738037
206,25.460308074951172,0.6804139614105225
207,9.599413871765137,0.3263111114501953
208,31.573230743408203,1.1651570796966553
209,31.361135482788086,1.2202885150909424
210,29.20032501220703,1.3981621265411377
211,17.227386474609375,0.601116418838501
212,13.389779090881348,0.29163265228271484
213,30.600433349609375,1.0255300998687744
214,17.22827911376953,0.5278713703155518
215,17.90946388244629,0.667022705078125
216,20.325183868408203,1.2073204517364502
217,21.149763107299805,0.961125373840332
218,25.653013229370117,1.1800391674041748
219,21.431669235229492,1.426323413848877
220,24.56028175354004,0.9625406265258789
221,9.382522583007812,0.19258999824523926
222,28.192840576171875,1.275641679763794
223,32.24585723876953,1.3765490055084229
224,14.740010261535645,0.21829748153686523
225,36.44993209838867,1.3671576976776123
226,24.901447296142578,1.1205484867095947
227,25.01982307434082,1.3099703788757324
228,17.440065383911133,0.9288439750671387
229,31.9541015625,1.3174493312835693
230,28.445486068725586,0.9009950160980225
231,28.04332733154297,1.3578877449035645
232,34.41658401489258,1.1119956970214844
233,20.16953468322754,0.4514601230621338
234,23.239913940429688,1.3281757831573486
235,16.70859146118164,0.5353367328643799
236,15.97055435180664,0.613722562789917
237,20.563190460205078,0.48258161544799805
238,23.187820434570312,0.9420475959777832
239,13.266485214233398,0.3326375484466553
240,23.38857650756836,1.3257489204406738
241,25.13802719116211,0.7975895404815674
242,15.958027839660645,0.8011026382446289
243,11.892696380615234,0.375077486038208
244,21.290775299072266,1.0095279216766357
245,15.76962947845459,0.45902395248413086
246,26.270832061767578,0.7272334098815918
247,23.463268280029297,0.6541762351989746
248,36.09235763549805,1.3464546203613281
249,16.131040573120117,0.47754907608032227
250,22.67688751220703,1.2934045791625977
251,8.7305908203125,0.16154146194458008
252,27.86012840270996,1.0233347415924072
253,33.17044448852539,1.2799203395843506
254,16.000417709350586,0.40125608444213867
255,12.781063079833984,0.675196647644043
256,9.786056518554688,0.23163390159606934
257,13.389404296875,0.9545891284942627
258,22.893978118896484,1.207890510559082
259,25.362228393554688,1.0889403820037842
260,26.221824645996094,1.3832194805145264
261,13.853474617004395,0.3393673896789551
262,16.860111236572266,0.6765501499176025
263,29.45911407470703,1.0335590839385986
264,15.263954162597656,0.32030510902404785
265,19.917415618896484,0.6325857639312744
266,12.920031547546387,0.38239288330078125
267,15.068307876586914,0.44847679138183594
268,24.760568618774414,1.1048665046691895
269,24.5256404876709,1.3813979625701904
270,14.456064224243164,0.31613826751708984
271,26.319501876831055,1.0678269863128662
272,19.84756088256836,0.5768752098083496
273,20.25583267211914,0.46036863327026367
274,22.77145004272461,0.6626355648040771
275,22.19187355041504,1.2933802604675293
276,15.3106689453125,0.7520878314971924
277,19.3898868560791,0.7329857349395752
278,24.708534240722656,0.603501558303833
279,21.344295501708984,0.800886869430542
280,23.24832534790039,0.9521274566650391
281,22.85593032836914,0.7069334983825684
282,21.89406967163086,0.8841335773468018
283,21.477996826171875,0.9720466136932373
284,25.881328582763672,1.0235919952392578
285,12.412557601928711,0.3395540714263916
286,22.70571517944336,1.4661054611206055
287,26.340869903564453,1.0121588706970215
288,24.89849281311035,1.3485031127929688
289,19.922422409057617,1.1942172050476074
290,30.164690017700195,0.8385517597198486
291,20.094097137451172,0.6296787261962891
292,7.275604248046875,0.174041748046875
293,17.832157135009766,0.6641745567321777
294,16.181873321533203,0.867978572845459
295,13.52176284790039,0.37122035026550293
296,12.928247451782227,0.39322543144226074
297,18.8476505279541,0.43007540702819824
298,21.617416381835938,1.2628576755523682
299,24.147018432617188,1.2828280925750732
300,11.24981689453125,0.26610898971557617
301,21.191375732421875,1.2397048473358154
302,18.426671981811523,1.039844036102295
303,12.885574340820312,0.32598114013671875
304,20.492271423339844,1.0343177318572998
305,11.019193649291992,0.21532773971557617
306,27.03824234008789,1.1120448112487793
307,33.25616455078125,1.1401474475860596
308,19.621129989624023,0.6640429496765137
309,30.911712646484375,1.343902826309204
310,31.22661590576172,1.105337142944336
311,21.454116821289062,0.7118010520935059
312,11.23838996887207,0.27387046813964844
313,24.650497436523438,1.089193344116211
314,18.855224609375,0.29513072967529297
315,20.95406723022461,1.1725656986236572
316,16.641590118408203,0.3691675662994385
317,25.86394500732422,0.7439050674438477
318,25.041698455810547,1.1070339679718018
319,21.94329261779785,0.843637228012085
320,17.54754066467285,0.4098930358886719
321,27.154178619384766,0.8189077377319336
322,19.693309783935547,0.6609866619110107
323,24.96310043334961,1.452423095703125
324,15.731405258178711,0.25982046127319336
325,17.400983810424805,0.5421538352966309
326,15.240501403808594,0.4292490482330322
327,21.24945640563965,0.9800703525543213
328,26.61273956298828,1.148329496383667
329,13.579511642456055,0.21227025985717773
330,16.28138542175293,0.5481035709381104
331,22.71224594116211,0.6972017288208008
332,22.513092041015625,1.3511228561401367
333,11.66099739074707,0.18364477157592773
334,11.507513999938965,0.25441932678222656
335,33.14080047607422,1.1367878913879395
336,12.35921859741211,0.3740673065185547
337,17.60253143310547,0.3932642936706543
338,15.547533988952637,0.7055771350860596
339,11.925862312316895,0.2279975414276123
340,23.768835067749023,1.3114285469055176
341,26.767349243164062,1.1275346279144287
342,21.08431053161621,0.4773592948913574
343,25.666324615478516,1.1809065341949463
344,21.623729705810547,1.3567521572113037
345,17.931007385253906,0.3903772830963135
346,21.183856964111328,1.093188762664795
347,27.725906372070312,1.0438129901885986
348,18.95207977294922,0.6621077060699463
349,18.71247100830078,0.40593886375427246
350,19.17732810974121,0.3943498134613037
351,10.195533752441406,0.220381498336792
352,18.662372589111328,1.246382713317871
353,18.067306518554688,0.7685403823852539
354,30.22171401977539,0.9845099449157715
355,32.95671463012695,0.9220669269561768
356,21.700157165527344,0.48371100425720215
357,18.037029266357422,1.1309430599212646
358,25.97934913635254,0.816361665725708
359,24.63962745666504,0.8890759944915771
360,29.551034927368164,1.4169151782989502
361,14.149215698242188,0.37170886993408203
362,23.64757537841797,1.1159348487854004
363,12.23082447052002,0.29189538955688477
364,24.939754486083984,1.127784013748169
365,22.034868240356445,0.6107416152954102
366,20.57105255126953,0.8215270042419434
367,19.045536041259766,1.0576057434082031
368,24.851421356201172,0.5735001564025879
369,27.175189971923828,1.2795073986053467
370,15.17405891418457,0.46195316314697266
371,9.062907218933105,0.2142925262451172
372,28.872394561767578,1.1674602031707764
373,23.177879333496094,0.8751232624053955
374,24.182666778564453,0.7461447715759277
375,24.299976348876953,1.3889474868774414
376,15.93393325805664,0.6460328102111816
377,22.415830612182617,0.6354162693023682
378,25.576871871948242,1.2812831401824951
379,18.278356552124023,1.3477506637573242
380,13.099078178405762,0.5703353881835938
381,23.21990203857422,1.0620429515838623
382,14.620283126831055,0.335634708404541
383,31.88193702697754,1.2762351036071777
384,29.994281768798828,1.1701412200927734
385,28.774646759033203,1.218627691268921
386,22.14167594909668,0.6515462398529053
387,32.47979736328125,1.201524257659912
388,17.63174057006836,0.967167854309082
389,22.063045501708984,0.727656364440918
390,13.23044204711914,0.1960601806640625
391,23.92772674560547,0.7464323043823242
392,24.781227111816406,1.1281366348266602
393,29.357431411743164,1.228679895401001
394,26.306442260742188,1.32468581199646
395,15.616731643676758,0.2775852680206299
396,24.461959838867188,0.6464223861694336
397,15.269183158874512,0.5987350940704346
398,13.36941146850586,0.3406708240509033
399,16.158109664916992,0.2741889953613281
400,18.87009620666504,0.8584237098693848
401,24.84804916381836,0.5288143157958984
402,14.857686996459961,0.4912545680999756
403,14.02896499633789,0.25341081619262695
404,28.938568115234375,0.9228765964508057
405,15.27817440032959,0.5288791656494141
406,17.893396377563477,0.7540562152862549
407,24.63973045349121,1.1878106594085693
408,16.015281677246094,0.6012382507324219
409,33.93968200683594,0.9872138500213623
410,21.103269577026367,1.319685697555542
411,26.469482421875,1.4504497051239014
412,11.557575225830078,0.19699859619140625
413,17.6416072845459,0.523383378982544
414,35.78678512573242,1.2179501056671143
415,17.607894897460938,0.3644731044769287
416,31.72662925720215,1.4015111923217773
417,28.624313354492188,0.8043670654296875
418,25.105981826782227,1.092853307723999
419,11.210128784179688,0.2842521667480469
420,7.968863487243652,0.1977832317352295
421,24.426170349121094,1.0543277263641357
422,28.986696243286133,0.998572826385498
423,24.959041595458984,1.2026722431182861
424,26.94157600402832,0.8244001865386963
425,25.26620864868164,1.402052402496338
426,29.740631103515625,1.1058526039123535
427,23.560768127441406,1.2516911029815674
428,23.940250396728516,1.570730447769165
429,19.675521850585938,0.4670073986053467
430,28.93784523010254,1.501652717590332
431,21.330411911010742,1.2548744678497314
432,20.952762603759766,1.1862571239471436
433,27.761478424072266,1.356691837310791
434,24.304977416992188,0.9304993152618408
435,19.263805389404297,0.7605891227722168
436,21.33150863647461,0.48703575134277344
437,29.026702880859375,0.8090102672576904
438,20.450904846191406,0.9679453372955322
439,13.233325958251953,0.28649330139160156
440,28.209880828857422,1.3486199378967285
441,24.467384338378906,1.3741886615753174
442,22.83632469177246,0.5384750366210938
443,22.058090209960938,0.5603606700897217
444,15.25485610961914,0.4591257572174072
445,20.192502975463867,0.37270474433898926
446,20.93973159790039,1.021986722946167
447,11.52686882019043,0.2748990058898926
448,26.589744567871094,1.2049713134765625
449,18.922019958496094,0.699026346206665
450,21.304885864257812,0.7638299465179443
451,26.87437629699707,0.858135461807251
452,24.38933753967285,1.3092143535614014
453,12.99626350402832,0.19454288482666016
454,18.2043399810791,0.8918032646179199
455,27.94317626953125,1.2871088981628418
456,9.831914901733398,0.18407201766967773
457,24.004669189453125,1.3558526039123535
458,26.013996124267578,1.0833663940429688
459,20.144638061523438,1.4426817893981934
460,17.465578079223633,0.814842939376831
461,11.20691204071045,0.35781168937683105
462,12.503668785095215,0.46191978454589844
463,18.176366806030273,0.39253711700439453
464,25.488130569458008,0.6839420795440674
465,12.504868507385254,0.2701089382171631
466,12.924459457397461,0.21371245384216309
467,19.702730178833008,0.42380380630493164
468,16.19448471069336,0.3367338180541992
469,24.22949981689453,1.2337205410003662
470,26.317785263061523,0.9416294097900391
471,22.129783630371094,0.9883294105529785
472,26.14419937133789,0.7225582599639893
473,23.510684967041016,0.5669207572937012
474,27.008956909179688,0.8486776351928711
475,22.556642532348633,1.2952613830566406
476,18.77269744873047,1.2152750492095947
477,22.439170837402344,1.2475314140319824
478,23.090469360351562,1.0551986694335938
479,24.0878849029541,1.460482120513916
480,27.18349266052246,1.2754311561584473
481,18.90370750427246,0.91086745262146
482,10.39128303527832,0.22253727912902832
483,23.70292091369629,1.3521463871002197
484,20.38376808166504,0.8629882335662842
485,23.162494659423828,0.8531839847564697
486,19.144933700561523,0.9986834526062012
487,34.76461410522461,1.2038302421569824
488,24.755395889282227,0.8240973949432373
489,15.618094444274902,0.42364978790283203
490,19.30550765991211,1.024571180343628
491,17.664953231811523,0.7648158073425293
492,15.931269645690918,0.5821866989135742
493,27.669652938842773,1.3247923851013184
494,26.76366424560547,1.0710258483886719
495,21.69446563720703,1.1484065055847168
496,21.826826095581055,0.7392380237579346
497,16.57523536682129,0.7540199756622314
498,17.167003631591797,0.7051329612731934
499,20.101024627685547,1.1504766941070557
500,10.412841796875,0.6308107376098633
501,7.1714277267456055,0.27271080017089844
502,18.59198760986328,1.1032967567443848
503,18.19997215270996,1.3314929008483887
504,13.741501808166504,0.9502532482147217
505,13.215559005737305,0.24730753898620605
506,29.933944702148438,1.4029672145843506
507,12.103500366210938,1.1891682147979736
508,18.326831817626953,0.38776397705078125
509,13.314374923706055,1.0706450939178467
510,19.634658813476562,0.24721360206604004
511,14.90350341796875,1.2817814350128174
512,39.86456298828125,1.0585265159606934
513,14.535728454589844,0.6511256694793701
514,13.826945304870605,0.8649325370788574
515,20.729793548583984,0.7462353706359863
516,8.203727722167969,0.19165635108947754
517,17.495471954345703,0.970177173614502
518,11.966276168823242,0.7751858234405518
519,8.154290199279785,0.2815370559692383
520,33.38208770751953,0.841301679611206
521,8.184053421020508,0.315936803817749
522,12.307231903076172,0.6785397529602051
523,8.608591079711914,0.3894197940826416
524,14.100654602050781,1.1207630634307861
525,12.045869827270508,0.19947481155395508
526,13.735518455505371,1.2825534343719482
527,9.284598350524902,0.579526424407959
528,12.975214004516602,0.6185224056243896
529,13.370624542236328,1.1631238460540771
530,12.889293670654297,0.8746616840362549
531,35.08021545410156,0.5057401657104492
532,11.583752632141113,0.8479082584381104
533,13.493852615356445,0.6635241508483887
534,11.234495162963867,1.1153817176818848
535,13.111654281616211,1.3773748874664307
536,9.335084915161133,0.2790679931640625
537,11.648191452026367,0.826054573059082
538,15.990219116210938,0.708446741104126
539,10.902942657470703,0.5021862983703613
540,14.552167892456055,0.6355831623077393
541,30.355688095092773,1.3087029457092285
542,12.737184524536133,1.175137996673584
543,23.03115463256836,1.0115711688995361
544,12.995281219482422,0.46366405487060547
545,10.179130554199219,0.3846583366394043
546,11.351659774780273,0.8319439888000488
547,15.042739868164062,1.014314889907837
548,13.010442733764648,0.39669370651245117
549,13.218962669372559,0.4376199245452881
550,6.75480842590332,0.1922616958618164
551,12.792028427124023,1.4189841747283936
552,14.255739212036133,1.2229013442993164
553,11.923433303833008,0.65628981590271
554,8.583318710327148,0.2880213260650635
555,11.9031982421875,0.6279659271240234
556,23.405216217041016,1.3943397998809814
557,17.587642669677734,1.0945425033569336
558,12.580972671508789,0.35887956619262695
559,15.65039348602295,1.3818693161010742
560,12.401756286621094,0.43703579902648926
561,8.524141311645508,0.41712021827697754
562,9.90649127960205,0.7364969253540039
563,18.39686393737793,0.6592931747436523
564,10.730907440185547,0.8815410137176514
565,10.423868179321289,0.2835662364959717
566,9.102924346923828,0.4461677074432373
567,9.77735710144043,0.4570176601409912
568,15.74188232421875,1.314647912979126
569,18.96501922607422,0.5743832588195801
570,13.692243576049805,1.0169339179992676
571,11.219255447387695,1.1024630069732666
572,11.654277801513672,0.8816261291503906
573,11.907035827636719,0.6196348667144775
574,14.28327465057373,1.2424962520599365
575,15.814799308776855,0.5164659023284912
576,8.196653366088867,0.4370293617248535
577,6.262928009033203,0.40537571907043457
578,10.299468040466309,0.61269211769104
579,12.086629867553711,1.4018900394439697
580,27.04277229309082,1.3696315288543701
581,17.15658950805664,0.9312846660614014
582,13.339923858642578,1.3935632705688477
583,8.506258964538574,0.3133533000946045
584,5.145373344421387,0.2693138122558594
585,16.095165252685547,0.8218998908996582
586,15.110814094543457,1.3182973861694336
587,7.860641956329346,0.47070813179016113
588,17.73520851135254,0.9075157642364502
589,17.172786712646484,1.0118730068206787
590,17.75982666015625,1.1968162059783936
591,15.122164726257324,1.0146420001983643
592,40.25035858154297,1.384969711303711
593,11.275372505187988,0.4687671661376953
594,9.40654182434082,0.4696238040924072
595,8.811286926269531,0.19305062294006348
596,9.99250316619873,0.22272801399230957
597,22.811466217041016,0.5988836288452148
598,34.472450256347656,1.2910349369049072
599,10.112300872802734,0.4605216979980469
600,15.080355644226074,1.3325414657592773
601,10.168464660644531,0.8294410705566406
602,11.739599227905273,1.0843956470489502
603,39.67034912109375,1.4296514987945557
604,17.830795288085938,1.0540838241577148
605,17.489437103271484,1.0352251529693604
606,13.65347671508789,1.0462167263031006
607,5.755316734313965,0.19046950340270996
608,12.094951629638672,0.808335542678833
609,14.497014045715332,0.6449394226074219
610,16.658361434936523,0.9115502834320068
611,26.54749298095703,0.7455875873565674
612,11.389568328857422,0.7321169376373291
613,9.584680557250977,0.42313480377197266
614,11.317950248718262,0.6802530288696289
615,16.21811294555664,1.494858980178833
616,20.4229736328125,0.813983678817749
617,34.20308303833008,1.263826608657837
618,7.712453365325928,0.2904393672943115
619,11.876474380493164,1.2629776000976562
620,15.566539764404297,0.8673088550567627
621,20.483596801757812,0.7159366607666016
622,11.455377578735352,0.5136468410491943
623,23.193374633789062,1.3458926677703857
624,6.625721454620361,0.2561521530151367
625,8.464808464050293,0.47295093536376953
626,16.905139923095703,0.9794318675994873
627,8.986136436462402,0.5011634826660156
628,9.881338119506836,0.5049827098846436
629,14.780403137207031,0.4123845100402832
630,13.148412704467773,0.8812172412872314
631,12.264237403869629,0.25350356101989746
632,9.12584114074707,0.5909683704376221
633,20.906776428222656,0.8669657707214355
634,26.83332061767578,0.7680151462554932
635,12.742652893066406,0.8450438976287842
636,11.887809753417969,0.6825962066650391
637,15.353555679321289,0.3048133850097656
638,19.41252326965332,0.8579983711242676
639,22.407371520996094,0.9707658290863037
640,6.788608551025391,0.1863117218017578
641,11.152294158935547,0.7781810760498047
642,16.193260192871094,1.0726511478424072
643,33.99616241455078,0.7904646396636963
644,13.487218856811523,0.6425659656524658
645,15.511280059814453,0.4985685348510742
646,15.477270126342773,1.4194388389587402
647,11.009479522705078,0.5185298919677734
648,12.160219192504883,1.3937804698944092
649,8.448587417602539,0.2986025810241699
650,36.891719818115234,1.0963082313537598
651,10.899937629699707,0.6394081115722656
652,7.991254806518555,0.25031232833862305
653,15.083208084106445,0.9797990322113037
654,7.329196929931641,0.1783144474029541
655,20.861692428588867,0.5479898452758789
656,10.92534065246582,0.41425180435180664
657,26.04037094116211,1.1925005912780762
658,39.584083557128906,0.7394261360168457
659,13.588836669921875,0.8664793968200684
660,8.576906204223633,0.353212833404541
661,16.253131866455078,1.3699519634246826
662,9.828042984008789,0.33138275146484375
663,11.387792587280273,0.990006685256958
664,10.802632331848145,1.2217719554901123
665,15.969049453735352,0.9246659278869629
666,13.127089500427246,1.1908743381500244
667,19.041175842285156,0.7300739288330078
668,30.037185668945312,1.4355583190917969
669,16.713863372802734,0.7110838890075684
670,33.27005386352539,1.3690533638000488
671,18.72112464904785,1.3758518695831299
672,13.731330871582031,0.8187675476074219
673,6.7956156730651855,0.20401668548583984
674,13.76564884185791,1.1405808925628662
675,14.271711349487305,1.3734142780303955
676,21.365455627441406,1.1288011074066162
677,11.255034446716309,0.8046984672546387
678,17.325756072998047,1.0093834400177002
679,12.703210830688477,0.32018303871154785
680,18.985824584960938,1.032961130142212
681,6.125426769256592,0.20352888107299805
682,12.770499229431152,1.2132453918457031
683,13.084660530090332,1.3601419925689697
684,26.44232940673828,1.5492520332336426
685,14.555208206176758,1.0390784740447998
686,8.368782997131348,0.1759333610534668
687,11.798040390014648,0.3150899410247803
688,8.421134948730469,0.8108770847320557
689,16.35651969909668,1.1921758651733398
690,31.00050926208496,1.1992652416229248
691,19.890514373779297,0.8691067695617676
692,18.561264038085938,1.0401833057403564
693,11.972748756408691,0.2534162998199463
694,15.850885391235352,1.3119068145751953
695,16.593074798583984,0.9456787109375
696,11.44961929321289,1.1745436191558838
697,8.597818374633789,0.2973031997680664
698,11.466147422790527,0.8460359573364258
699,11.500494956970215,1.0152926445007324
700,12.325592994689941,0.786085844039917
701,13.599796295166016,1.0803840160369873
702,12.719615936279297,0.34050941467285156
703,7.599102973937988,0.1903221607208252
704,13.647394180297852,0.9569714069366455
705,12.593571662902832,0.252838134765625
706,16.711580276489258,1.391826868057251
707,7.957827091217041,0.4808225631713867
708,19.57978057861328,1.6858372688293457
709,12.362687110900879,0.5717954635620117
710,12.122419357299805,0.354860782623291
711,9.442550659179688,0.617936372756958
712,7.603276252746582,0.479154109954834
713,10.817355155944824,0.4428679943084717
714,11.128520965576172,0.9251370429992676
715,19.416725158691406,1.2478857040405273
716,28.223867416381836,0.8963305950164795
717,12.770599365234375,0.7652180194854736
718,14.328607559204102,1.2923028469085693
719,10.124237060546875,0.7560586929321289
720,27.757373809814453,1.2356927394866943
721,10.251355171203613,0.35193681716918945
722,39.307579040527344,1.3555514812469482
723,15.745865821838379,0.8496267795562744
724,9.636941909790039,0.5114717483520508
725,28.059907913208008,0.48883509635925293
726,17.874156951904297,1.0797827243804932
727,21.47953224182129,1.1923151016235352
728,11.926239013671875,0.7318122386932373
729,10.142166137695312,0.9898898601531982
730,13.5330810546875,1.2563800811767578
731,16.739891052246094,0.481945276260376
732,9.7130765914917,0.6634070873260498
733,17.876535415649414,0.9051604270935059
734,9.624128341674805,0.22874712944030762
735,6.967738151550293,0.3099675178527832
736,9.158761978149414,0.2647819519042969
737,25.710437774658203,1.2382869720458984
738,17.370849609375,1.3644042015075684
739,29.668676376342773,1.2789669036865234
740,11.436931610107422,0.9607536792755127
741,7.270442008972168,0.2530524730682373
742,13.749858856201172,1.0829930305480957
743,11.815216064453125,0.7562887668609619
744,17.898529052734375,1.0751123428344727
745,16.10360336303711,1.381227970123291
746,27.349321365356445,0.9788856506347656
747,15.455954551696777,1.3765604496002197
748,18.083433151245117,0.8085005283355713
749,11.085037231445312,0.4786248207092285
750,13.366350173950195,0.673635721206665
751,13.871492385864258,0.8446040153503418
752,12.153593063354492,0.35373783111572266
753,38.03704071044922,1.2765319347381592
754,17.36412239074707,1.351419448852539
755,14.419693946838379,1.2288310527801514
756,28.237430572509766,1.1674959659576416
757,11.542867660522461,0.8972198963165283
758,15.584246635437012,1.2589023113250732
759,9.218164443969727,0.34561586380004883
760,9.55875015258789,0.7461278438568115
761,14.290447235107422,1.1903812885284424
762,11.69086742401123,0.8692739009857178
763,13.934814453125,1.3524072170257568
764,15.359504699707031,0.7606136798858643
765,21.432510375976562,1.3673913478851318
766,22.305309295654297,1.2876636981964111
767,7.9613542556762695,0.3255753517150879
768,7.162362575531006,0.22679781913757324
769,16.841644287109375,0.5944366455078125
770,16.502086639404297,0.9522485733032227
771,9.445405960083008,0.3506021499633789
772,16.608871459960938,1.182969093322754
773,15.389293670654297,1.3363590240478516
774,13.061111450195312,0.2542843818664551
775,19.82798957824707,0.6554067134857178
776,20.273826599121094,0.9508905410766602
777,14.661702156066895,0.4303152561187744
778,25.443710327148438,0.7556056976318359
779,15.880694389343262,0.5115997791290283
780,12.650533676147461,0.8019170761108398
781,21.1487979888916,1.4301908016204834
782,54.105010986328125,1.2463610172271729
783,10.2264404296875,0.5383303165435791
784,29.98070526123047,1.3422322273254395
785,12.27114486694336,1.1569955348968506
786,8.97858715057373,0.5227105617523193
787,12.414196014404297,0.9625787734985352
788,17.502670288085938,0.25269174575805664
789,13.447346687316895,0.6396231651306152
790,20.174251556396484,0.7163910865783691
791,44.01903533935547,1.104766845703125
792,63.894737243652344,1.3934521675109863
793,14.388442993164062,1.3374223709106445
794,12.41714096069336,0.19312191009521484
795,15.67508602142334,1.3365585803985596
796,7.955986022949219,0.20710301399230957
797,9.161019325256348,0.6401610374450684
798,12.636767387390137,1.2080929279327393
799,16.045024871826172,1.2401325702667236
800,23.623092651367188,0.6533322334289551
801,13.307088851928711,1.190239429473877
802,62.10368347167969,1.482703447341919
803,11.317251205444336,1.2556023597717285
804,16.424484252929688,1.1111342906951904
805,12.949766159057617,1.0777523517608643
806,13.510438919067383,0.9678547382354736
807,13.404903411865234,1.2707438468933105
808,20.460166931152344,1.2358510494232178
809,12.142446517944336,0.8173348903656006
810,21.78564453125,0.8159170150756836
811,13.080217361450195,0.9016680717468262
812,22.215072631835938,1.173597812652588
813,11.588842391967773,0.4423191547393799
814,12.663984298706055,1.3350236415863037
815,13.920690536499023,0.9223155975341797
816,17.324905395507812,1.2029645442962646
817,16.725868225097656,1.0665159225463867
818,13.285648345947266,0.675783634185791
819,10.871038436889648,1.1344285011291504
820,24.376220703125,0.6363081932067871
821,14.152786254882812,0.8059344291687012
822,20.973552703857422,1.3921895027160645
823,13.250556945800781,0.33722758293151855
824,19.891849517822266,1.359614372253418
825,30.534656524658203,1.3822243213653564
826,11.849607467651367,0.6035118103027344
827,8.473627090454102,0.23703360557556152
828,20.20806884765625,1.2047619819641113
829,8.610876083374023,0.6251158714294434
830,25.059978485107422,0.4091765880584717
831,13.225439071655273,0.6975598335266113
832,13.230527877807617,1.0393962860107422
833,13.088191032409668,0.9508686065673828
834,17.88876724243164,1.2486121654510498
835,13.878555297851562,0.6059129238128662
836,19.656864166259766,1.3635554313659668
837,15.06355094909668,0.3213963508605957
838,10.371623992919922,1.176337718963623
839,15.187575340270996,0.4838144779205322
840,14.74908447265625,0.72397780418396
841,15.102522850036621,0.9589078426361084
842,23.07868003845215,0.5016872882843018
843,12.790653228759766,1.1891956329345703
844,24.011720657348633,0.5120677947998047
845,13.974835395812988,1.0307190418243408
846,9.655197143554688,0.33890724182128906
847,12.210521697998047,0.5635945796966553
848,14.183635711669922,1.0747599601745605
849,14.5260591506958,0.649777889251709
850,15.669017791748047,0.39943504333496094
851,12.777281761169434,0.2106037139892578
852,12.914630889892578,1.0228068828582764
853,26.09609603881836,1.0869150161743164
854,13.31486701965332,0.6461029052734375
855,13.334684371948242,1.0392982959747314
856,13.608183860778809,0.8490495681762695
857,15.42638111114502,0.6597750186920166
858,17.842065811157227,1.2482330799102783
859,13.388811111450195,0.6636710166931152
860,20.99875259399414,0.8824365139007568
861,11.648947715759277,0.405545711517334
862,5.947530746459961,0.28463268280029297
863,17.777137756347656,0.5601072311401367
864,19.400793075561523,1.05715012550354
865,36.07233810424805,1.228797197341919
866,22.979961395263672,1.3071341514587402
867,9.559725761413574,0.6994762420654297
868,21.058086395263672,1.04622483253479
869,11.320745468139648,0.5043683052062988
870,11.730876922607422,0.8777048587799072
871,9.814957618713379,0.44608068466186523
872,13.000494003295898,0.7824139595031738
873,12.873905181884766,0.7217123508453369
874,13.126190185546875,0.9012293815612793
875,12.541898727416992,0.45881104469299316
876,11.826911926269531,1.0418639183044434
877,9.655993461608887,0.4452242851257324
878,14.068990707397461,1.1466379165649414
879,10.890336990356445,1.3873577117919922
880,21.177427291870117,1.3968017101287842
881,14.88772201538086,0.4501206874847412
882,12.909460067749023,1.1586568355560303
883,15.547622680664062,0.38114237785339355
884,14.897153854370117,1.4143140316009521
885,8.395929336547852,0.2808990478515625
886,43.08442306518555,0.9393734931945801
887,18.915843963623047,0.963050127029419
888,17.918746948242188,0.44283342361450195
889,11.98971176147461,1.073880910873413
890,39.8602180480957,0.8761537075042725
891,11.191681861877441,0.6892178058624268
892,18.64788055419922,0.6135342121124268
893,27.317100524902344,0.9131035804748535
894,15.396894454956055,0.43514227867126465
895,20.13653564453125,1.1017091274261475
896,10.19371509552002,0.6947956085205078
897,15.781051635742188,1.3445706367492676
898,8.52099609375,0.3503384590148926
899,16.569900512695312,1.4119935035705566
900,11.900754928588867,1.254570722579956
901,11.14438533782959,0.41721558570861816
902,36.14958572387695,0.7429850101470947
903,14.584970474243164,1.33292818069458
904,21.576465606689453,1.314237356185913
905,13.703615188598633,0.9738683700561523
906,21.673892974853516,1.3352642059326172
907,10.620290756225586,0.6931774616241455
908,10.025650024414062,0.8137922286987305
909,8.564532279968262,0.48580384254455566
910,21.065797805786133,0.6862499713897705
911,7.059780120849609,0.2909862995147705
912,17.78484344482422,1.4017882347106934
913,13.824579238891602,1.3279733657836914
914,23.244483947753906,0.9504568576812744
915,16.440662384033203,1.0700058937072754
916,23.138452529907227,1.0582842826843262
917,12.390958786010742,0.8154659271240234
918,15.821735382080078,0.3060445785522461
919,11.752888679504395,0.699103593826294
920,23.63702964782715,1.1033968925476074
921,9.178489685058594,0.25536584854125977
922,10.704411506652832,0.6425237655639648
923,7.616668701171875,0.22984790802001953
924,41.447750091552734,0.8871996402740479
925,6.597910404205322,0.16322755813598633
926,15.316934585571289,1.1253118515014648
927,13.784387588500977,0.6152973175048828
928,15.598578453063965,1.3853626251220703
929,11.595413208007812,0.2055528163909912
930,35.32475662231445,1.30306077003479
931,9.696417808532715,0.7234034538269043
932,16.938905715942383,1.1435203552246094
933,23.57674217224121,0.5291261672973633
934,18.357088088989258,1.2224714756011963
935,7.551147937774658,0.2427377700805664
936,7.511160373687744,0.41077232360839844
937,14.162476539611816,0.4389772415161133
938,6.661927223205566,0.18043828010559082
939,12.635562896728516,0.3672621250152588
940,12.45246696472168,1.143667221069336
941,21.743194580078125,0.785919189453125
942,25.70940399169922,1.3298580646514893
943,6.365729331970215,0.17835569381713867
944,25.207157135009766,1.3203003406524658
945,13.909038543701172,0.23779773712158203
946,12.857864379882812,0.4416182041168213
947,17.450214385986328,1.389939546585083
948,13.481868743896484,0.8315627574920654
949,7.813272953033447,0.35423898696899414
950,6.434704780578613,0.37067532539367676
951,19.70301055908203,1.0788772106170654
952,70.39781188964844,1.109731912612915
953,8.477129936218262,0.2772345542907715
954,10.881010055541992,0.25052595138549805
955,9.34475040435791,0.48288393020629883
956,30.529056549072266,0.7763471603393555
957,11.921957969665527,0.9817066192626953
958,10.340145111083984,0.6018416881561279
959,18.208721160888672,1.0155551433563232
960,19.081655502319336,0.8586864471435547
961,14.189013481140137,1.3438611030578613
962,9.150525093078613,0.6659934520721436
963,9.300735473632812,0.5671710968017578
964,13.06804084777832,0.5209298133850098
965,72.02867889404297,1.5286824703216553
966,11.571048736572266,0.9889118671417236
967,15.275936126708984,0.5642671585083008
968,8.129382133483887,0.21260380744934082
969,9.611164093017578,0.3034975528717041
970,10.238798141479492,0.6384522914886475
971,7.887411117553711,0.36262035369873047
972,16.033849716186523,1.0470013618469238
973,7.57173490524292,0.20634174346923828
974,21.231348037719727,0.9341440200805664
975,12.482398986816406,1.047884225845337
976,8.745513916015625,0.45468783378601074
977,8.72109603881836,0.7477526664733887
978,26.92852783203125,0.9000732898712158
979,12.29901123046875,1.2216901779174805
980,12.560108184814453,0.28357768058776855
981,20.768421173095703,0.6566872596740723
982,17.953983306884766,1.2973015308380127
983,17.65462875366211,0.764336109161377
984,12.236178398132324,0.9423339366912842
985,12.204504013061523,0.6223163604736328
986,13.107072830200195,0.29288506507873535
987,9.888089179992676,0.513206958770752
988,15.648786544799805,1.4681758880615234
989,19.427261352539062,1.4089727401733398
990,9.702701568603516,0.8095002174377441
991,48.69514846801758,1.19195556640625
992,18.110877990722656,1.2578113079071045
993,6.903220176696777,0.1953597068786621
994,9.697869300842285,0.47972941398620605
995,10.266654968261719,0.4704320430755615
996,29.674528121948242,1.1947016716003418
997,21.61825180053711,0.7450025081634521
998,16.949352264404297,1.3273780345916748
999,10.189779281616211,0.2853264808654785
